1	
2	
100	หนังสือ​ร้องขอ​ความ​ช่วย​เหลือ
101	หนังสือ​สัญญา​นัก​ล่า​พวก​นิว​หัก
1000	เหรียญ​อําพัน​สี​ชาด
1001	เหรียญ​อําพัน​สี​ชาด +1
1002	เหรียญ​อําพัน​สี​ชาด +2
1003	
1004	
1005	
1006	
1007	
1008	
1009	
1010	เหรียญ​อําพัน​สี​คราม
1011	เหรียญ​อําพัน​สี​คราม +1
1012	เหรียญ​อําพัน​สี​คราม +2
1013	
1014	
1015	
1016	
1017	
1018	
1019	
1020	เหรียญ​อําพัน​สี​มรกต
1021	เหรียญ​อําพัน​สี​มรกต +1
1022	เหรียญ​อําพัน​สี​มรกต +2
1023	
1024	
1025	
1026	
1027	
1028	
1029	
1030	เครืองราง​สรรพาวุธ
1031	เครืองราง​สรรพาวุธ +1
1032	ไห​ใหญ่​สรรพาวุธ
1033	
1034	
1035	
1036	
1037	
1038	
1039	
1040	พระ​กรุณา​พฤกษา​ทอง
1041	พระ​กรุณา​พฤกษา​ทอง +1
1042	พระ​กรุณา​พฤกษา​ทอง +2
1043	
1044	
1045	
1046	
1047	
1048	
1049	
1050	ตรา​ประทับ​รา​ดา​กอน
1051	ตรา​ประทับ​พุพอง​รา​ดา​กอน
1052	
1053	
1054	
1055	
1056	
1057	
1058	
1059	
1060	ตํานาน​พิฆาต​ดาว
1061	
1062	
1063	
1064	
1065	
1066	
1067	
1068	
1069	
1070	ตํานาน​นัก​ดาบ​มือ​เทียม
1071	
1072	
1073	
1074	
1075	
1076	
1077	
1078	
1079	
1080	ตํานาน​เด็ก​สาว​ดู​ดาว
1081	
1082	
1083	
1084	
1085	
1086	
1087	
1088	
1089	
1090	ตํานาน​ทวิ​องคุลี
1091	
1092	
1093	
1094	
1095	
1096	
1097	
1098	
1099	
1100	ส​คา​รับ​เงิน
1101	
1102	
1103	
1104	
1105	
1106	
1107	
1108	
1109	
1110	ส​คา​รับ​ทอง
1140	จัน​ทรา​น็อค​ส​เต​ล​ลา
1141	
1142	
1143	
1144	
1145	
1146	
1147	
1148	
1149	
1150	เครืองราง​เต่า​เขียว
1151	
1152	
1153	
1154	
1155	
1156	
1157	
1158	
1159	
1160	เครือง​ประดับ​เขา​ความ​ถึก​ทน
1161	เครือง​ประดับ​เขา​ความ​ถึก​ทน +1
1162	
1163	
1164	
1165	
1166	
1167	
1168	
1169	
1170	เครือง​ประดับ​เขา​ภูมิคุ้มกัน
1171	เครือง​ประดับ​เขา​ภูมิคุ้มกัน +1
1172	
1173	
1174	
1175	
1176	
1177	
1178	
1179	
1180	เครือง​ประดับ​เขา​สมาธิ
1181	เครือง​ประดับ​เขา​สมาธิ +1
1182	
1183	
1184	
1185	
1186	
1187	
1188	
1189	
1190	สะเก็ด​องค์​ชาย​มรณะ
1191	สะเก็ด​เรือรัง​องค์​ชาย​มรณะ
1192	
1193	
1194	
1195	
1196	
1197	
1198	
1199	
1200	เครือง​ประดับ​คอ​สี​ด่าง
1201	เครือง​ประดับ​คอ​สี​ด่าง +1
1202	
1203	
1204	
1205	
1206	
1207	
1208	
1209	
1210	เครืองราง​แพะ​ยักษ์
1211	
1212	
1213	
1214	
1215	
1216	
1217	
1218	
1219	
1220	ตรา​ประทับ​มาริ​กา
1221	ตรา​ประทับ​พุพอง​มาริ​กา
1222	
1223	
1224	
1225	
1226	
1227	
1228	
1229	
1230	เศษ​ไห​นักรบ
1231	เศษ​อ​เล็ก​ซาน​เด​อร์
1232	
1233	
1234	
1235	
1236	
1237	
1238	
1239	
1240	
1241	
1242	
1243	
1244	
1245	
1246	
1247	
1248	
1249	
1250	มือ​เทียม​ของ​มิลลิ​เซนต์
2000	แมงปอง​พลัง​เวท
2001	
2002	
2003	
2004	
2005	
2006	
2007	
2008	
2009	
2010	แมงปอง​สายฟา
2011	
2012	
2013	
2014	
2015	
2016	
2017	
2018	
2019	
2020	แมงปอง​เพลิง
2021	
2022	
2023	
2024	
2025	
2026	
2027	
2028	
2029	
2030	แมงปอง​ศักดิสิทธิ
2031	
2032	
2033	
2034	
2035	
2036	
2037	
2038	
2039	
2040	ดาบ​เจ็ด​ง่าม​ขน​นก​แดง
2041	
2042	
2043	
2044	
2045	
2046	
2047	
2048	
2049	
2050	เครืองราง​ดาบ​สงคราม
2051	
2052	
2053	
2054	
2055	
2056	
2057	
2058	
2059	
2060	เครืองราง​หอก
2061	
2062	
2063	
2064	
2065	
2066	
2067	
2068	
2069	
2070	เครืองราง​ค้อน​ใหญ่
2071	
2072	
2073	
2074	
2075	
2076	
2077	
2078	
2079	
2080	ตรา​ดาบ​ติด​ปก
2081	ตรา​ดาบ​ติด​ปก​เสือม​สลาย
2082	
2083	
2084	
2085	
2086	
2087	
2088	
2089	
2090	เครืองราง​ดาบ​สัน
2091	
2092	
2093	
2094	
2095	
2096	
2097	
2098	
2099	
2100	เครืองราง​ศร​ระยะ​ไกล
2101	
2102	
2103	
2104	
2105	
2106	
2107	
2108	
2109	
2110	นัก​เต้น​ระบํา​สี​คราม
2111	
2112	
2113	
2114	
2115	
2116	
2117	
2118	
2119	
2120	เครืองราง​ดาบส​อง​ปลาย
2121	
2122	
2123	
2124	
2125	
2126	
2127	
2128	
2129	
2130	เครืองราง​ขวาน
2131	
2132	
2133	
2134	
2135	
2136	
2137	
2138	
2139	
2140	เครืองราง​ทวน
2141	
2142	
2143	
2144	
2145	
2146	
2147	
2148	
2149	
2150	เครืองราง​ศร​แข็ง
2151	
2152	
2153	
2154	
2155	
2156	
2157	
2158	
2159	
2160	ความ​รืนเริง​ของ​ราชา​โลหิต
2161	
2162	
2163	
2164	
2165	
2166	
2167	
2168	
2169	
2170	ความ​รืนเริง​ของ​วงศา​เสือม​สลาย
2171	
2172	
2173	
2174	
2175	
2176	
2177	
2178	
2179	
2180	เครืองราง​กรง​เล็บ
2181	
2182	
2183	
2184	
2185	
2186	
2187	
2188	
2189	
2190	เหรียญ​คําราม
2191	
2192	
2193	
2194	
2195	
2196	
2197	
2198	
2199	
2200	เครืองราง​ดาบ​โค้ง
2201	
2202	
2203	
2204	
2205	
2206	
2207	
2208	
2209	
2210	ไห​สหาย
2211	
2212	
2213	
2214	
2215	
2216	
2217	
2218	
2219	
2220	เครืองราง​สุ​คนธ​จาร​ย์
3000	เครืองราง​จอม​เวท​แบบ​กลม
3001	เครืองราง​จอม​เวท​แบบ​กลม
3040	ผ้า​คํามัน​ผู้​ศรัทธา
3041	
3042	
3043	
3044	
3045	
3046	
3047	
3048	
3049	
3050	ผ้า​คํามัน​ชุมนุม​ผู้​ศรัทธา
3051	
3052	
3053	
3054	
3055	
3056	
3057	
3058	
3059	
3060	เครืองราง​ราชา​โบราณ
3061	
3062	
3063	
3064	
3065	
3066	
3067	
3068	
3069	
3070	ภาพ​เหมือน​รา​ดา​กอน
3071	
3072	
3073	
3074	
3075	
3076	
3077	
3078	
3079	
3080	คม​ดาบ​หิน​จรัส​แรก​เริม
3081	
3082	
3083	
3084	
3085	
3086	
3087	
3088	
3089	
3090	ภาพ​เหมือน​ก็​อด​ฟรี​ย์
4000	เครืองราง​โล่​ตรา​มังกร
4001	เครืองราง​โล่​ตรา​มังกร +1
4002	เครืองราง​โล่​ตรา​มังกร +2
4003	เครืองราง​โล่​ใหญ่​ตรา​มังกร
4004	
4005	
4006	
4007	
4008	
4009	
4010	เครืองราง​ตรา​มังกร​พลัง​เวท
4011	เครืองราง​ตรา​มังกร​พลัง​เวท +1
4012	เครืองราง​ตรา​มังกร​พลัง​เวท +2
4013	
4014	
4015	
4016	
4017	
4018	
4019	
4020	เครืองราง​ตรา​มังกร​เพลิง
4021	เครืองราง​ตรา​มังกร​เพลิง +1
4022	เครืองราง​ตรา​มังกร​เพลิง +2
4023	
4024	
4025	
4026	
4027	
4028	
4029	
4030	เครืองราง​ตรา​มังกร​สายฟา
4031	เครืองราง​ตรา​มังกร​สายฟา +1
4032	เครืองราง​ตรา​มังกร​สายฟา +2
4033	
4034	
4035	
4036	
4037	
4038	
4039	
4040	เครืองราง​ตรา​มังกร​ศักดิสิทธิ
4041	เครืองราง​ตรา​มังกร​ศักดิสิทธิ +1
4042	เครืองราง​ตรา​มังกร​ศักดิสิทธิ +2
4043	
4044	
4045	
4046	
4047	
4048	
4049	
4050	เครืองราง​ตรา​มังกร​ไข่มุก
4051	เครืองราง​ตรา​มังกร​ไข่มุก +1
4052	เครืองราง​ตรา​มังกร​ไข่มุก +2
4053	
4054	
4055	
4056	
4057	
4058	
4059	
4060	เครืองราง​เกล็ด​พิมพ์​หลอม
4061	
4062	
4063	
4064	
4065	
4066	
4067	
4068	
4069	
4070	เครืองราง​ขน​นก​พิมพ์​หลอม
4071	
4072	
4073	
4074	
4075	
4076	
4077	
4078	
4079	
4080	ดาบ​เจ็ด​ง่าม​ขน​นก​คราม
4081	
4082	
4083	
4084	
4085	
4086	
4087	
4088	
4089	
4090	เครืองราง​โล่​สงคราม
4091	
4092	
4093	
4094	
4095	
4096	
4097	
4098	
4099	
4100	เครืองราง​โล่​ใหญ่
4101	
4102	
4103	
4104	
4105	
4106	
4107	
4108	
4109	
4110	เครืองราง​ก้อน​พิมพ์​หลอม
5000	เครืองราง​เมล็ด​สี​ชาด
5001	
5002	
5003	
5004	
5005	
5006	
5007	
5008	
5009	
5010	เครืองราง​เมล็ด​สี​คราม
5011	
5012	
5013	
5014	
5015	
5016	
5017	
5018	
5019	
5020	เครืองราง​หยาด​พระพร
5021	
5022	
5023	
5024	
5025	
5026	
5027	
5028	
5029	
5030	จี​ประดับ​ช่วง​ชิง
5031	
5032	
5033	
5034	
5035	
5036	
5037	
5038	
5039	
5040	ผ้า​ห่อ​ร่าง​มังสา​เทพ
5041	
5042	
5043	
5044	
5045	
5046	
5047	
5048	
5049	
5050	มีด​สังหาร​สี​ชาด
5051	
5052	
5053	
5054	
5055	
5056	
5057	
5058	
5059	
5060	มีด​สังหาร​สี​คราม
6000	ขวด​เล็ก​เครปส์
6001	
6002	
6003	
6004	
6005	
6006	
6007	
6008	
6009	
6010	ผ้า​คลุม​หน้า​เร้น​กาย
6011	
6012	
6013	
6014	
6015	
6016	
6017	
6018	
6019	
6020	ตรา​คา​เรีย
6040	เครืองราง​แมว​หางยาว
6041	
6042	
6043	
6044	
6045	
6046	
6047	
6048	
6049	
6050	หายนะ​ชา​บริ​รี
6051	
6052	
6053	
6054	
6055	
6056	
6057	
6058	
6059	
6060	หาย​นะ​เดดิ​การ์
6061	
6062	
6063	
6064	
6065	
6066	
6067	
6068	
6069	
6070	กิง​เรียว​บูชายัญ
6071	
6072	
6073	
6074	
6075	
6076	
6077	
6078	
6079	
6080	กระจก​ปลอม​แปลง​นิว​งอ
6081	
6082	
6083	
6084	
6085	
6086	
6087	
6088	
6089	
6090	กระจก​ปลอม​แปลง​ผู้​เปน​นาย
6091	
6092	
6093	
6094	
6095	
6096	
6097	
6098	
6099	
6100	[ERROR]
6101	
6102	
6103	
6104	
6105	
6106	
6107	
6108	
6109	
6110	เขา​ภูต​บรรพบุรุษ
