10	[ERROR]
11	[ERROR]
12	[ERROR]
13	[ERROR]
14	[ERROR]
15	[ERROR]
16	[ERROR]
17	
18	
19	
20	[ERROR]
21	[ERROR]
22	[ERROR]
23	[ERROR]
24	[ERROR]
25	[ERROR]
26	[ERROR]
27	[ERROR]
28	[ERROR]
29	[ERROR]
30	[ERROR]
31	[ERROR]
32	
33	
34	
35	[ERROR]
36	
37	
38	
39	
40	[ERROR]
41	[ERROR]
42	[ERROR]
43	[ERROR]
44	[ERROR]
60	[ERROR]
61	[ERROR]
62	[ERROR]
63	[ERROR]
64	[ERROR]
65	[ERROR]
66	[ERROR]
67	[ERROR]
68	[ERROR]
69	[ERROR]
70	[ERROR]
71	[ERROR]
72	[ERROR]
73	[ERROR]
74	[ERROR]
75	[ERROR]
76	[ERROR]
77	[ERROR]
78	[ERROR]
79	[ERROR]
90	[ERROR]
91	[ERROR]
92	[ERROR]
93	[ERROR]
94	[ERROR]
95	
96	
97	
98	[ERROR]
99	[ERROR]
100	นิว​งอ​ของ​ผู้​มัว​หมอง
101	นิว​งอ​นัก​สู้
102	นิว​โลหิต
103	มีด​ตัด​นิว
104	แหวน​อักขระ​ลับ​สี​ขาว
105	แหวน​อักขระ​ลับ​สี​ฟา
106	นิว​เหียว​ของ​ผู้​มัว​หมอง
107	เงา​มายา​นิว​โลหิต
108	ลิน​ผู้​เย้ย​หยัน
109	รูป​น​เล็ก​สี​ทอง
110	รูป​น​เล็ก​สี​ชาด
111	นิว​โลหิต​พุพอง
112	นิว​ตระบัด​บัญญัติ
113	เงา​มายา​นิว​โลหิต
114	เงา​มายา​นิว​ตระบัด​บัญญัติ
115	ความ​ทรง​จํา​แห่ง​พร
130	นกหวีด​ภูต​อาชา
131	
132	
133	
134	
135	เงา​มายา​มหา​รูน
150	ยา​เรียก​นิว​งอ
170	นิว​งอ​ของ​ผู้​มัว​หมอง
171	นิว​งอ​นัก​สู้
172	นิว​โลหิต
173	
174	แหวน​อักขระ​ลับ​สี​ขาว
175	แหวน​อักขระ​ลับ​สี​ฟา
176	
177	
178	ลิน​ผู้​เย้ย​หยัน
179	รูป​น​เล็ก​สี​ทอง
180	รูป​น​เล็ก​สี​ชาด
181	นกหวีด​ภูต​อาชา
182	ยา​เรียก​นิว​งอ
183	นิว​โลหิต​พุพอง
184	นิว​ตระบัด​บัญญัติ
185	
186	
187	
188	
189	
190	โค้ง​แห่ง​รูน
191	มหา​รู​นก็​อด​ดริก
192	มหา​รู​นรา​ดาห์น
193	มหา​รู​นม​อร์​ก็อต
194	มหา​รูน​ไร​คาร์ด
195	มหา​รู​นม็อค
196	มหา​รู​นมาเล​เนีย
197	
198	
199	
200	จอก​ศักดิสิทธิ​หยาด​นํา​สี​ชาด
201	จอก​ศักดิสิทธิ​หยาด​นํา​สี​ชาด
202	จอก​ศักดิสิทธิ​หยาด​นํา​สี​ชาด +1
203	จอก​ศักดิสิทธิ​หยาด​นํา​สี​ชาด +1
204	จอก​ศักดิสิทธิ​หยาด​นํา​สี​ชาด +2
205	จอก​ศักดิสิทธิ​หยาด​นํา​สี​ชาด +2
206	จอก​ศักดิสิทธิ​หยาด​นํา​สี​ชาด +3
207	จอก​ศักดิสิทธิ​หยาด​นํา​สี​ชาด +3
208	จอก​ศักดิสิทธิ​หยาด​นํา​สี​ชาด +4
209	จอก​ศักดิสิทธิ​หยาด​นํา​สี​ชาด +4
210	จอก​ศักดิสิทธิ​หยาด​นํา​สี​ชาด +5
211	จอก​ศักดิสิทธิ​หยาด​นํา​สี​ชาด +5
212	จอก​ศักดิสิทธิ​หยาด​นํา​สี​ชาด +6
213	จอก​ศักดิสิทธิ​หยาด​นํา​สี​ชาด +6
214	จอก​ศักดิสิทธิ​หยาด​นํา​สี​ชาด +7
215	จอก​ศักดิสิทธิ​หยาด​นํา​สี​ชาด +7
216	
217	
218	
219	
220	จอก​ศักดิสิทธิ​หยาด​นํา​สี​คราม
221	จอก​ศักดิสิทธิ​หยาด​นํา​สี​คราม
222	จอก​ศักดิสิทธิ​หยาด​นํา​สี​คราม +1
223	จอก​ศักดิสิทธิ​หยาด​นํา​สี​คราม +1
224	จอก​ศักดิสิทธิ​หยาด​นํา​สี​คราม +2
225	จอก​ศักดิสิทธิ​หยาด​นํา​สี​คราม +2
226	จอก​ศักดิสิทธิ​หยาด​นํา​สี​คราม +3
227	จอก​ศักดิสิทธิ​หยาด​นํา​สี​คราม +3
228	จอก​ศักดิสิทธิ​หยาด​นํา​สี​คราม +4
229	จอก​ศักดิสิทธิ​หยาด​นํา​สี​คราม +4
230	จอก​ศักดิสิทธิ​หยาด​นํา​สี​คราม +5
231	จอก​ศักดิสิทธิ​หยาด​นํา​สี​คราม +5
232	จอก​ศักดิสิทธิ​หยาด​นํา​สี​คราม +6
233	จอก​ศักดิสิทธิ​หยาด​นํา​สี​คราม +6
234	จอก​ศักดิสิทธิ​หยาด​นํา​สี​คราม +7
235	จอก​ศักดิสิทธิ​หยาด​นํา​สี​คราม +7
250	จอก​ศักดิสิทธิ​นํา​อมฤต
251	จอก​ศักดิสิทธิ​นํา​อมฤต
300	ไห​เพลิง
301	ไห​เพลิง​ราชสีห์​แดง
302	ไห​เพลิง​ของ​ยักษ์​เพลิง
320	ไห​สายฟา
321	ไห​สายฟา​มังกร​โบราณ
322	
323	
324	
325	
326	
327	
328	
329	
330	ไห​ปฏิกูล
331	
332	
333	
334	
335	
336	
337	
338	
339	
340	ไห​แมลงวัน
341	
342	
343	
344	
345	
346	
347	
348	
349	
350	ไห​นํา​ศักดิสิทธิ
351	ไห​บัญญัติ​ศักดิสิทธิ
352	
353	
354	
355	
356	
357	
358	
359	
360	ไห​เยือก​แข็ง
361	
362	
363	
364	
365	
366	
367	
368	
369	
370	ไห​พิษ
371	
372	
373	
374	
375	
376	
377	
378	
379	
380	ไห​นํามัน
381	
382	
383	
384	
385	
386	
387	
388	
389	
390	ไห​ล่อลวง
391	ไห​ล่อลวง​อสูร
392	
393	
394	
395	
396	
397	
398	
399	
400	ไห​เพลิง​มัด​เชือก
420	ไห​สายฟา​มัด​เชือก
421	
422	
423	
424	
425	
426	
427	
428	
429	
430	ไห​ปฏิกูล​มัด​เชือก
431	
432	
433	
434	
435	
436	
437	
438	
439	
440	ไห​พิษ​มัด​เชือก
441	
442	
443	
444	
445	
446	
447	
448	
449	
450	ไห​นํามัน​มัด​เชือก
451	
452	
453	
454	
455	
456	
457	
458	
459	
460	ไห​พลัง​เวท​มัด​เชือก
461	
462	
463	
464	
465	
466	
467	
468	
469	
470	ไห​แมลงวัน​มัด​เชือก
471	
472	
473	
474	
475	
476	
477	
478	
479	
480	[ERROR]ไห​เยือก​แข็ง​มัด​เชือก
481	
482	
483	
484	
485	
486	
487	
488	
489	
490	ไห​ภูผา​เพลิง​มัด​เชือก
491	
492	
493	
494	
495	
496	
497	
498	
499	
500	
501	
502	
503	
504	
505	
506	
507	
508	
509	
510	ไห​นํา​ศักดิสิทธิ​มัด​เชือก
600	ไห​ภูผา​เพลิง
601	
602	
603	
604	
605	
606	
607	
608	
609	
610	ไห​สี​เงิน
630	ไห​โลหิต​ต้อง​สาป
631	
632	
633	
634	
635	
636	
637	
638	
639	
640	ไห​นิทรา
641	
642	
643	
644	
645	
646	
647	
648	
649	
650	ไห​วิญญาณ​อาฆาต
651	
652	
653	
654	
655	
656	
657	
658	
659	
660	ไห​พลัง​เวท
661	ไห​พลัง​เวท​วิทยาลัย
662	
663	
664	
665	
666	
667	
668	
669	
670	ไห​เสือม​สลาย
810	ลูกเกด​โร​อา
811	ลูกเกด​หวาน
812	ลูกเกด​แช่​แข็ง
813	
814	
815	
816	
817	
818	
819	
820	ปู​ต้ม
821	
822	
823	
824	
825	
826	
827	
828	
829	
830	กุ้ง​ต้ม
900	ยา​ตะไคร่​ถอนพิษ
901	
902	
903	
904	
905	
906	
907	
908	
909	
910	ยา​ตะไคร่​ห้าม​เลือด
911	
912	
913	
914	
915	
916	
917	
918	
919	
920	ยา​ตะไคร่​กัน​นํา​แข็ง​กัด
921	
922	
923	
924	
925	
926	
927	
928	
929	
930	ยา​ตะไคร่​ฟน​นิทรา
931	
932	
933	
934	
935	
936	
937	
938	
939	
940	ยา​ตะไคร่​คลาย​เสือม​สลาย
941	
942	
943	
944	
945	
946	
947	
948	
949	
950	ยา​ตะไคร่​สลาย​มรณะ
951	
952	
953	
954	
955	
956	
957	
958	
959	
960	ยา​ตะไคร่​สงบ​สติ
1000	จอก​ศักดิสิทธิ​หยาด​นํา​สี​ชาด
1001	จอก​ศักดิสิทธิ​หยาด​นํา​สี​ชาด
1002	จอก​ศักดิสิทธิ​หยาด​นํา​สี​ชาด +1
1003	จอก​ศักดิสิทธิ​หยาด​นํา​สี​ชาด +1
1004	จอก​ศักดิสิทธิ​หยาด​นํา​สี​ชาด +2
1005	จอก​ศักดิสิทธิ​หยาด​นํา​สี​ชาด +2
1006	จอก​ศักดิสิทธิ​หยาด​นํา​สี​ชาด +3
1007	จอก​ศักดิสิทธิ​หยาด​นํา​สี​ชาด +3
1008	จอก​ศักดิสิทธิ​หยาด​นํา​สี​ชาด +4
1009	จอก​ศักดิสิทธิ​หยาด​นํา​สี​ชาด +4
1010	จอก​ศักดิสิทธิ​หยาด​นํา​สี​ชาด +5
1011	จอก​ศักดิสิทธิ​หยาด​นํา​สี​ชาด +5
1012	จอก​ศักดิสิทธิ​หยาด​นํา​สี​ชาด +6
1013	จอก​ศักดิสิทธิ​หยาด​นํา​สี​ชาด +6
1014	จอก​ศักดิสิทธิ​หยาด​นํา​สี​ชาด +7
1015	จอก​ศักดิสิทธิ​หยาด​นํา​สี​ชาด +7
1016	จอก​ศักดิสิทธิ​หยาด​นํา​สี​ชาด +8
1017	จอก​ศักดิสิทธิ​หยาด​นํา​สี​ชาด +8
1018	จอก​ศักดิสิทธิ​หยาด​นํา​สี​ชาด +9
1019	จอก​ศักดิสิทธิ​หยาด​นํา​สี​ชาด +9
1020	จอก​ศักดิสิทธิ​หยาด​นํา​สี​ชาด +10
1021	จอก​ศักดิสิทธิ​หยาด​นํา​สี​ชาด +10
1022	จอก​ศักดิสิทธิ​หยาด​นํา​สี​ชาด +11
1023	จอก​ศักดิสิทธิ​หยาด​นํา​สี​ชาด +11
1024	จอก​ศักดิสิทธิ​หยาด​นํา​สี​ชาด +12
1025	จอก​ศักดิสิทธิ​หยาด​นํา​สี​ชาด +12
1050	จอก​ศักดิสิทธิ​หยาด​นํา​สี​คราม
1051	จอก​ศักดิสิทธิ​หยาด​นํา​สี​คราม
1052	จอก​ศักดิสิทธิ​หยาด​นํา​สี​คราม +1
1053	จอก​ศักดิสิทธิ​หยาด​นํา​สี​คราม +1
1054	จอก​ศักดิสิทธิ​หยาด​นํา​สี​คราม +2
1055	จอก​ศักดิสิทธิ​หยาด​นํา​สี​คราม +2
1056	จอก​ศักดิสิทธิ​หยาด​นํา​สี​คราม +3
1057	จอก​ศักดิสิทธิ​หยาด​นํา​สี​คราม +3
1058	จอก​ศักดิสิทธิ​หยาด​นํา​สี​คราม +4
1059	จอก​ศักดิสิทธิ​หยาด​นํา​สี​คราม +4
1060	จอก​ศักดิสิทธิ​หยาด​นํา​สี​คราม +5
1061	จอก​ศักดิสิทธิ​หยาด​นํา​สี​คราม +5
1062	จอก​ศักดิสิทธิ​หยาด​นํา​สี​คราม +6
1063	จอก​ศักดิสิทธิ​หยาด​นํา​สี​คราม +6
1064	จอก​ศักดิสิทธิ​หยาด​นํา​สี​คราม +7
1065	จอก​ศักดิสิทธิ​หยาด​นํา​สี​คราม +7
1066	จอก​ศักดิสิทธิ​หยาด​นํา​สี​คราม +8
1067	จอก​ศักดิสิทธิ​หยาด​นํา​สี​คราม +8
1068	จอก​ศักดิสิทธิ​หยาด​นํา​สี​คราม +9
1069	จอก​ศักดิสิทธิ​หยาด​นํา​สี​คราม +9
1070	จอก​ศักดิสิทธิ​หยาด​นํา​สี​คราม +10
1071	จอก​ศักดิสิทธิ​หยาด​นํา​สี​คราม +10
1072	จอก​ศักดิสิทธิ​หยาด​นํา​สี​คราม +11
1073	จอก​ศักดิสิทธิ​หยาด​นํา​สี​คราม +11
1074	จอก​ศักดิสิทธิ​หยาด​นํา​สี​คราม +12
1075	จอก​ศักดิสิทธิ​หยาด​นํา​สี​คราม +12
1100	เนือ​คอ​เต่า​ดอง
1101	
1102	
1103	
1104	
1105	
1106	
1107	
1108	
1109	
1110	เนือ​ตาก​แห้ง​ภูมิคุ้มกัน
1111	
1112	
1113	
1114	
1115	
1116	
1117	
1118	
1119	
1120	เนือ​ตาก​แห้ง​ความ​ถึก​ทน
1121	
1122	
1123	
1124	
1125	
1126	
1127	
1128	
1129	
1130	เนือ​ตาก​แห้ง​สมาธิ
1131	
1132	
1133	
1134	
1135	
1136	
1137	
1138	
1139	
1140	เนือ​ตาก​แห้ง​สี​ด่าง
1141	
1142	
1143	
1144	
1145	
1146	
1147	
1148	
1149	
1150	ตับ​ตาก​แห้ง​ต้าน​เวท
1151	
1152	
1153	
1154	
1155	
1156	
1157	
1158	
1159	
1160	ตับ​ตาก​แห้ง​ต้าน​เพลิง
1161	
1162	
1163	
1164	
1165	
1166	
1167	
1168	
1169	
1170	ตับ​ตาก​แห้ง​ต้าน​สายฟา
1171	
1172	
1173	
1174	
1175	
1176	
1177	
1178	
1179	
1180	ตับ​ตาก​แห้ง​ต้าน​ศักดิสิทธิ
1181	
1182	
1183	
1184	
1185	
1186	
1187	
1188	
1189	
1190	ขา​นก​หุ้ม​เงิน
1191	
1192	
1193	
1194	
1195	
1196	
1197	
1198	
1199	
1200	ขา​นก​หุ้ม​ทอง
1201	
1202	
1203	
1204	
1205	
1206	
1207	
1208	
1209	
1210	ก้อน​เนือ​ผู้​กล้า
1211	
1212	
1213	
1214	
1215	
1216	
1217	
1218	
1219	
1220	[ERROR]เนือ​ตาก​แห้ง​ต้าน​มรณะ
1235	ลูก​ชิน​เนือ​ดิบ
1236	
1237	
1238	
1239	
1240	องุ่น​ชา​บริ​รี
1290	เศษ​เสียว​แห่ง​แสง​ดารา
1310	เนือ​ขาว​ตาก​แห้ง​ภูมิคุ้มกัน
1311	
1312	
1313	
1314	
1315	
1316	
1317	
1318	
1319	
1320	เนือ​ขาว​ตาก​แห้ง​ความ​ถึก​ทน
1321	
1322	
1323	
1324	
1325	
1326	
1327	
1328	
1329	
1330	เนือ​ขาว​ตาก​แห้ง​สมาธิ
1331	
1332	
1333	
1334	
1335	
1336	
1337	
1338	
1339	
1340	เนือ​ขาว​ตาก​แห้ง​สี​ด่าง
1341	
1342	
1343	
1344	
1345	
1346	
1347	
1348	
1349	
1350	[ERROR]เนือ​ขาว​ตาก​แห้ง​ต้าน​มรณะ
1400	ไข​มัน​เพลิง
1401	
1402	
1403	
1404	
1405	
1406	
1407	
1408	
1409	
1410	ไข​มัน​สายฟา
1411	
1412	
1413	
1414	
1415	
1416	
1417	
1418	
1419	
1420	ไข​มัน​พลัง​เวท
1421	
1422	
1423	
1424	
1425	
1426	
1427	
1428	
1429	
1430	ไข​มัน​ศักดิสิทธิ
1431	
1432	
1433	
1434	
1435	
1436	
1437	
1438	
1439	
1440	ไข​มัน​เลือด
1441	
1442	
1443	
1444	
1445	
1446	
1447	
1448	
1449	
1450	ไข​มัน​นิทรา
1451	
1452	
1453	
1454	
1455	
1456	
1457	
1458	
1459	
1460	ไข​มัน​พิษ
1461	
1462	
1463	
1464	
1465	
1466	
1467	
1468	
1469	
1470	ไข​มัน​เยือก​แข็ง
1471	
1472	
1473	
1474	
1475	
1476	
1477	
1478	
1479	
1480	ไข​มัน​บาดแผล​มังกร
1481	
1482	
1483	
1484	
1485	
1486	
1487	
1488	
1489	
1490	ไข​มัน​เสือม​สลาย
1491	
1492	
1493	
1494	
1495	
1496	
1497	
1498	
1499	
1500	ไข​มัน​เพลิง​มัด​เชือก
1501	
1502	
1503	
1504	
1505	
1506	
1507	
1508	
1509	
1510	ไข​มัน​สายฟา​มัด​เชือก
1511	
1512	
1513	
1514	
1515	
1516	
1517	
1518	
1519	
1520	ไข​มัน​พลัง​เวท​มัด​เชือก
1521	
1522	
1523	
1524	
1525	
1526	
1527	
1528	
1529	
1530	ไข​มัน​ศักดิสิทธิ​มัด​เชือก
1531	
1532	
1533	
1534	
1535	
1536	
1537	
1538	
1539	
1540	ไข​มัน​เลือด​มัด​เชือก
1541	
1542	
1543	
1544	
1545	
1546	
1547	
1548	
1549	
1550	ไข​มัน​นิทรา​มัด​เชือก
1551	
1552	
1553	
1554	
1555	
1556	
1557	
1558	
1559	
1560	ไข​มัน​พิษ​มัด​เชือก
1561	
1562	
1563	
1564	
1565	
1566	
1567	
1568	
1569	
1570	[ERROR]ไข​มัน​เยือก​แข็ง​มัด​เชือก
1590	ไข​มัน​เสือม​สลาย​มัด​เชือก
1690	ไข​มัน​โล่
1691	
1692	
1693	
1694	
1695	
1696	
1697	
1698	
1699	
1700	มีด​ขว้าง
1701	
1702	
1703	
1704	
1705	
1706	
1707	
1708	
1709	
1710	ศร​ขว้าง​กระดูก
1711	
1712	
1713	
1714	
1715	
1716	
1717	
1718	
1719	
1720	ศร​ขว้าง​กระดูก​พิษ
1721	
1722	
1723	
1724	
1725	
1726	
1727	
1728	
1729	
1730	มีด​คู​กรี
1731	
1732	
1733	
1734	
1735	
1736	
1737	
1738	
1739	
1740	ศร​ขว้าง​ผลึก​แก้ว
1741	
1742	
1743	
1744	
1745	
1746	
1747	
1748	
1749	
1750	พัด​สังหาร
1751	
1752	
1753	
1754	
1755	
1756	
1757	
1758	
1759	
1760	หิน​โบราณ​สถาน
1810	ก้อน​เนือ​ส่ง​กลิน
1830	หิน​ระเบิด
1831	มวล​หิน​ระเบิด
1832	
1833	
1834	
1835	
1836	
1837	
1838	
1839	
1840	หิน​พิษ
1841	มวล​หิน​พิษ
2020	หิน​สี​รุ้ง
2021	
2022	
2023	
2024	
2025	
2026	
2027	
2028	
2029	
2030	หิน​เปล่ง​แสง
2031	
2032	
2033	
2034	
2035	
2036	
2037	
2038	
2039	
2040	กล้อง​ส่อง​ทาง​ไกล
2041	
2042	
2043	
2044	
2045	
2046	
2047	
2048	
2049	
2050	พร​ลวง
2070	ตะเกียง
2071	
2072	
2073	
2074	
2075	
2076	
2077	
2078	
2079	
2080	กรง​เล็บ​ลบหลู่
2081	
2082	
2083	
2084	
2085	
2086	
2087	
2088	
2089	
2090	ราก​มรณะ
2091	
2092	
2093	
2094	
2095	
2096	
2097	
2098	
2099	
2100	ฝาย​นุ่ม​ฟู
2120	สบู่
2121	
2122	
2123	
2124	
2125	
2126	
2127	
2128	
2129	
2130	หยาด​นํา​แห่ง​ดวง​ดารา
2131	
2132	
2133	
2134	
2135	
2136	
2137	
2138	
2139	
2140	เครือง​พันธ​นา​กา​รมาร์กิต
2141	
2142	
2143	
2144	
2145	
2146	
2147	
2148	
2149	
2150	เครือง​พันธ​นา​กา​รม็อค
2151	
2152	
2153	
2154	
2155	
2156	
2157	
2158	
2159	
2160	เหรียญ​เชิดชู​เกียรติ​อัศวิน​เลือด​บริสุทธิ
2190	เข็ม​มิ​เค​ล่า
2191	
2192	
2193	
2194	
2195	
2196	
2197	
2198	
2199	
2200	หัว​เปล่ง​เสียง "สวัสดี"
2201	หัว​เปล่ง​เสียง "ขอบคุณ"
2202	หัว​เปล่ง​เสียง "ขอโทษ"
2203	หัว​เปล่ง​เสียง "เยียม​เลย!"
2204	หัว​เปล่ง​เสียง "ช่วย​ด้วย..."
2205	หัว​เปล่ง​เสียง "รัก​นะ"
2206	หัว​เปล่ง​เสียง "มา​เริม​กัน​เลย"
2207	หัว​เปล่ง​เสียง "เจ้า​ช่าง​งดงาม"
2290	
2900	รู​นท​อง​คํา [1]
2901	รู​นท​อง​คํา [2]
2902	รู​นท​อง​คํา [3]
2903	รู​นท​อง​คํา [4]
2904	รู​นท​อง​คํา [5]
2905	รู​นท​อง​คํา [6]
2906	รู​นท​อง​คํา [7]
2907	รู​นท​อง​คํา [8]
2908	รู​นท​อง​คํา [9]
2909	รู​นท​อง​คํา [10]
2910	รู​นท​อง​คํา [11]
2911	รู​นท​อง​คํา [12]
2912	รู​นท​อง​คํา [13]
2913	รูน​ผู้​วิเศษ
2914	รู​นวีร​ชน [1]
2915	รู​นวีร​ชน [2]
2916	รู​นวีร​ชน [3]
2917	รู​นวีร​ชน [4]
2918	รู​นวีร​ชน [5]
2919	รู​นรา​ชัน
2950	ความ​ทรง​จํา​ของ​ร้อย​กิง
2951	ความ​ทรง​จํา​ของ​พิฆาต​ดาว
2952	ความ​ทรง​จํา​ของ​ราชา​ต้อง​สาป
2953	ความ​ทรง​จํา​ของ​ราชา​ผู้​ลบหลู่
2954	ความ​ทรง​จํา​ของ​เทพธิดา​เสือม​สลาย
2955	ความ​ทรง​จํา​ของ​ราชา​โลหิต
2956	ความ​ทรง​จํา​ของ​ดาบ​ทมิฬ
2957	ความ​ทรง​จํา​ของ​โฮ​ราห์ ​รูส์
2958	ความ​ทรง​จํา​ของ​ราชา​มังกร
2959	ความ​ทรง​จํา​ของ​ราชินี​จันทร์​เพ็ญ
2960	ความ​ทรง​จํา​ของ​มังกร​มรณะ
2961	ความ​ทรง​จํา​ของ​ยักษ์​เพลิง
2962	ความ​ทรง​จํา​ของ​ราชา​แห่ง​ภูต​บรรพบุรุษ
2963	ความ​ทรง​จํา​ของ​เอล​เดน
2964	ความ​ทรง​จํา​ของ​ทายาท​ผู้​ถูก​ทิง​แห่ง​นิล​กาฬ
2990	รูน​ดิน​แดน​มัชฌิมา
2991	
2992	
2993	
2994	
2995	
2996	
2997	
2998	
2999	
3000	ศีรษะ​ตัว​อ่อน​ภูต​บรรพบุรุษ
3001	
3002	
3003	
3004	
3005	
3006	
3007	
3008	
3009	
3010	ทารก​ต้อง​สาป
3011	ทารก​ต้อง​สาป​แห่ง​ราชวงศ์
3012	
3013	
3014	
3015	
3016	
3017	
3018	
3019	
3020	[ERROR]คํา​ภาวนา​ของ​มิ​รัน​ดา
3021	
3022	
3023	
3024	
3025	
3026	
3027	
3028	
3029	
3030	หิน​จรัส​แห่ง​กาเหว่า
3031	
3032	
3033	
3034	
3035	
3036	
3037	
3038	
3039	
3040	ผ้า​คลุม​ผม​พราง​ตัว
3041	
3042	
3043	
3044	
3045	
3046	
3047	
3048	
3049	
3050	หิน​จรัส​ชัน​เลว
3051	หิน​จรัส​ชัน​เลว​ขนาด​ใหญ่
3052	
3053	
3054	
3055	
3056	
3057	
3058	
3059	
3060	ใบพัด​หิน​แรง​โน้ม​ถ่วง
3061	
3062	
3063	
3064	
3065	
3066	
3067	
3068	
3069	
3070	ก้อน​หิน​แรง​โน้ม​ถ่วง
3071	
3072	
3073	
3074	
3075	
3076	
3077	
3078	
3079	
3080	กระดิง​อัญเชิญ​วิญญาณ​ต้อง​สาป
3300	[ERROR]ไข​มัน​เหลว​ศักดิสิทธิ
3301	
3302	
3303	
3304	
3305	
3306	
3307	
3308	
3309	
3310	หิน​อุ่น
3311	หิน​เพลิง​คลัง
3312	
3313	
3314	
3315	
3316	
3317	
3318	
3319	
3320	หิน​วาจา
3350	กิง​ล่อลวง
3351	
3352	
3353	
3354	
3355	
3356	
3357	
3358	
3359	
3360	ความ​กรุณา​แห่ง​ม่าน
3361	ความ​กรุณา​แห่ง​ม่าน​ที​มี​แสง​สว่าง​สาด​ส่อง
3500	กลิน​ความ​ห้าวหาญ
3501	
3502	
3503	
3504	
3505	
3506	
3507	
3508	
3509	
3510	กลิน​ประกาย​ไฟ
3511	
3512	
3513	
3514	
3515	
3516	
3517	
3518	
3519	
3520	เครือง​หอม​ไห​เหล็ก
3550	เครือง​หอม​คลุ้มคลัง
3580	ละออง​พิษ
3610	ละออง​กรด
4000	ศร​หิน​จรัส
4001	สะเก็ด​หิน​จรัส​ใหญ่
4002	
4003	
4004	
4005	
4006	
4007	
4008	
4009	
4010	สะเก็ด​หิน​จรัส​ลมกรด
4011	
4012	
4013	
4014	
4015	
4016	
4017	
4018	
4019	
4020	ดาวหาง​หิน​จรัส
4021	ดาวหาง
4022	
4023	
4024	
4025	
4026	
4027	
4028	
4029	
4030	สะเก็ด​ขมวด​มวน
4031	
4032	
4033	
4034	
4035	
4036	
4037	
4038	
4039	
4040	ดาวหาง​หิน​จรัส
4041	
4042	
4043	
4044	
4045	
4046	
4047	
4048	
4049	
4050	ฝน​ดาวตก
4051	
4052	
4053	
4054	
4055	
4056	
4057	
4058	
4059	
4060	ผลึก​แก้ว​ประสาน
4061	
4062	
4063	
4064	
4065	
4066	
4067	
4068	
4069	
4070	โค้ง​หิน​จรัส
4071	
4072	
4073	
4074	
4075	
4076	
4077	
4078	
4079	
4080	ลูก​ปน​ใหญ่​ไฮ​มา
4081	
4082	
4083	
4084	
4085	
4086	
4087	
4088	
4089	
4090	ลูก​ปราย​ผลึก​แก้ว
4091	
4092	
4093	
4094	
4095	
4096	
4097	
4098	
4099	
4100	พิฆาต​หิน​ดาน
4101	
4102	
4103	
4104	
4105	
4106	
4107	
4108	
4109	
4110	ระเบิด​หิน​ดาน
4111	
4112	
4113	
4114	
4115	
4116	
4117	
4118	
4119	
4120	ค้อน​ใหญ่​ไฮ​มา
4121	
4122	
4123	
4124	
4125	
4126	
4127	
4128	
4129	
4130	ดิน​แดน​คาถา
4131	
4132	
4133	
4134	
4135	
4136	
4137	
4138	
4139	
4140	แสง​ดวง​ดารา
4200	ดาวหาง​อา​ซูล
4201	
4202	
4203	
4204	
4205	
4206	
4207	
4208	
4209	
4210	รังสรรค์​ฝน​ดาวตก
4211	
4212	
4213	
4214	
4215	
4216	
4217	
4218	
4219	
4220	ดาวหาง​สูญ​สลาย
4300	วงล้อม​ดาบ​จรัส
4301	วง​แห​วน​คา​เรีย
4302	หน่วย​รบ​ดาบ​ยักษ์
4360	จัน​ทร์​เพ็ญ​เร็น​นา​ล่า
4361	จันทร์​ดับ​แร​น​นี
4362	
4363	
4364	
4365	
4366	
4367	
4368	
4369	
4370	พลัง​เวท​โปรยปราย
4371	
4372	
4373	
4374	
4375	
4376	
4377	
4378	
4379	
4380	ธนู​ใหญ่​ลอเรตต้า
4381	ทักษะ​พิเศษ​ของ​ลอเรตต้า
4382	
4383	
4384	
4385	
4386	
4387	
4388	
4389	
4390	ดาบ​จรัส​คาถา
4391	
4392	
4393	
4394	
4395	
4396	
4397	
4398	
4399	
4400	ก้อน​นํา​แข็ง​หิน​จรัส
4401	
4402	
4403	
4404	
4405	
4406	
4407	
4408	
4409	
4410	พายุ​นํา​แข็ง​ซา​เม​อร์
4411	
4412	
4413	
4414	
4415	
4416	
4417	
4418	
4419	
4420	หมอก​นํา​แข็ง
4421	
4422	
4423	
4424	
4425	
4426	
4427	
4428	
4429	
4430	ดาบ​ใหญ่​แห่ง​คา​เรีย
4431	ดาบ​จันทรา​แห่ง​อา​ดุล​ลา
4432	
4433	
4434	
4435	
4436	
4437	
4438	
4439	
4440	ดาบ​ลม​กรด​คา​เรีย
4441	
4442	
4443	
4444	
4445	
4446	
4447	
4448	
4449	
4450	ดาบ​ทิม​แทง​แห่ง​คา​เรีย
4451	
4452	
4453	
4454	
4455	
4456	
4457	
4458	
4459	
4460	อาวุธ​พลัง​เวท
4461	
4462	
4463	
4464	
4465	
4466	
4467	
4468	
4469	
4470	โล่​พลัง​เวท
4471	
4472	
4473	
4474	
4475	
4476	
4477	
4478	
4479	
4480	เยือก​เย็น
4481	
4482	
4483	
4484	
4485	
4486	
4487	
4488	
4489	
4490	อาวุธ​เยือก​แข็ง
4491	
4492	
4493	
4494	
4495	
4496	
4497	
4498	
4499	
4500	ผลึก​แก้ว​แตก​สลาย
4501	
4502	
4503	
4504	
4505	
4506	
4507	
4508	
4509	
4510	ปลด​ปล่อย​ผลึก​แก้ว
4511	
4512	
4513	
4514	
4515	
4516	
4517	
4518	
4519	
4520	ผลึก​แก้ว​พุ่ง​ทะลวง
4600	สะเก็ด​โจมตี​สายฟา​แลบ
4601	
4602	
4603	
4604	
4605	
4606	
4607	
4608	
4609	
4610	สะเก็ด​ราตรี
4611	
4612	
4613	
4614	
4615	
4616	
4617	
4618	
4619	
4620	ดาวหาง​ราตรี
4621	
4622	
4623	
4624	
4625	
4626	
4627	
4628	
4629	
4630	สนาม​พลัง​โธปส์
4631	
4632	
4633	
4634	
4635	
4636	
4637	
4638	
4639	
4640	สนอง​คุณ​คา​เรีย
4641	
4642	
4643	
4644	
4645	
4646	
4647	
4648	
4649	
4650	อนธการ​นิรันดร
4651	
4652	
4653	
4654	
4655	
4656	
4657	
4658	
4659	
4660	คม​ดาบ​ล่องหน
4661	
4662	
4663	
4664	
4665	
4666	
4667	
4668	
4669	
4670	ร่าง​ล่องหน
4700	อุกกาบาต​ทําลาย​ล้าง
4701	อุกกาบาต​ทําลาย​ล้าง​แห่ง​แอ​ส​เทล
4702	
4703	
4704	
4705	
4706	
4707	
4708	
4709	
4710	กระสุน​ศิลา
4711	
4712	
4713	
4714	
4715	
4716	
4717	
4718	
4719	
4720	กระสุน​แรง​โน้ม​ถ่วง
4721	พิฆาต​ดาว
4800	กระสุน​ลาวา
4801	
4802	
4803	
4804	
4805	
4806	
4807	
4808	
4809	
4810	โทสะ​ของ​เกล​เมีย
4811	
4812	
4813	
4814	
4815	
4816	
4817	
4818	
4819	
4820	ลาวา​เดือด​พล่าน
4821	
4822	
4823	
4824	
4825	
4826	
4827	
4828	
4829	
4830	วิญญาณ​อาฆาต​ของ​ไร​คาร์ด
4900	หนาม​แห่ง​บาป
4901	
4902	
4903	
4904	
4905	
4906	
4907	
4908	
4909	
4910	หนาม​แห่ง​โทษทัณฑ์
5000	เพรียก​วิญญาณ​อาฆาต
5001	วิญญาณ​อาฆาต​มรณะ​โบราณ
5002	
5003	
5004	
5005	
5006	
5007	
5008	
5009	
5010	เพลิง​ภูต​ปะทุ
5011	
5012	
5013	
5014	
5015	
5016	
5017	
5018	
5019	
5020	หมอก​แห่ง​เฟย
5021	
5022	
5023	
5024	
5025	
5026	
5027	
5028	
5029	
5030	เสียง​เรียก​ของ​ทิเบีย
5031	
5032	
5033	
5034	
5035	
5036	
5037	
5038	
5039	
5040	โจมตี​สายฟา​มรณะ
5100	ฟอง​สบู่​เทพพยากรณ์
5101	
5102	
5103	
5104	
5105	
5106	
5107	
5108	
5109	
5110	ฟอง​สบู่​ใหญ่​เทพพยากรณ์
6000	จุด​ประกาย​ไฟ
6001	ไฟ​เอ๋ย!
6002	
6003	
6004	
6005	
6006	
6007	
6008	
6009	
6010	ขว้าง​ไฟ
6011	
6012	
6013	
6014	
6015	
6016	
6017	
6018	
6019	
6020	ไฟ​เอ๋ย ​จง​พร่าง​พรม
6021	
6022	
6023	
6024	
6025	
6026	
6027	
6028	
6029	
6030	ไฟ​เอ๋ย ​จง​หมุน​วน​โหม​กระพือ
6031	
6032	
6033	
6034	
6035	
6036	
6037	
6038	
6039	
6040	เพลิง​ปลอบ​ประโลม​เอ๋ย
6041	
6042	
6043	
6044	
6045	
6046	
6047	
6048	
6049	
6050	ไฟ​เอ๋ย ​จง​มอบ​พลัง​แก่​ข้า!
6051	
6052	
6053	
6054	
6055	
6056	
6057	
6058	
6059	
6060	เพลิง​อารักษ์​เอ๋ย
6100	เอา​เพลิง​ยักษ์​ไป​กิน
6101	
6102	
6103	
6104	
6105	
6106	
6107	
6108	
6109	
6110	ไฟ​แห่ง​เทพ​มาร
6111	
6112	
6113	
6114	
6115	
6116	
6117	
6118	
6119	
6120	ไฟ​เอ๋ย ​จง​ผลาญ​ให้​มอด!
6210	เพลิง​ทมิฬ
6211	
6212	
6213	
6214	
6215	
6216	
6217	
6218	
6219	
6220	ไฟ​เอ๋ย ​จง​เอ่อ​ทะลัก
6221	
6222	
6223	
6224	
6225	
6226	
6227	
6228	
6229	
6230	เพลิง​ทมิฬ​ผลาญ​ราบ
6231	
6232	
6233	
6234	
6235	
6236	
6237	
6238	
6239	
6240	พิธี​เพลิง​ทมิฬ
6241	
6242	
6243	
6244	
6245	
6246	
6247	
6248	
6249	
6250	คม​ดาบ​เพลิง​ทมิฬ
6251	
6252	
6253	
6254	
6255	
6256	
6257	
6258	
6259	
6260	ผู้​พิทักษ์​เพลิง​ทมิฬ
6261	
6262	
6263	
6264	
6265	
6266	
6267	
6268	
6269	
6270	ระเบิด​คลืน​พลัง​เทพ
6300	รอย​เล็บ​เพลิง​โลหิต
6301	
6302	
6303	
6304	
6305	
6306	
6307	
6308	
6309	
6310	สาด​โลหิต
6311	
6312	
6313	
6314	
6315	
6316	
6317	
6318	
6319	
6320	คม​ดาบ​เพลิง​โลหิต
6321	
6322	
6323	
6324	
6325	
6326	
6327	
6328	
6329	
6330	ปองกัน​พลัง​เวท​สี​ทอง
6331	
6332	
6333	
6334	
6335	
6336	
6337	
6338	
6339	
6340	พฤกษา​ทอง​อารักษ์
6400	ปฏิเสธ
6401	
6402	
6403	
6404	
6405	
6406	
6407	
6408	
6409	
6410	โทสะ​สี​ทอง
6411	
6412	
6413	
6414	
6415	
6416	
6417	
6418	
6419	
6420	ฟนฟู​เร่ง​ด่วน
6421	ฟนฟู
6422	ฟนฟู​อย่าง​มาก
6423	ฟนฟู​เยียง​ราชา
6424	ฟนฟู​พฤกษา​ทอง
6425	
6426	
6427	
6428	
6429	
6430	พร​แห่ง​พระพร
6431	พระพร​พฤกษา​ทอง
6432	
6433	
6434	
6435	
6436	
6437	
6438	
6439	
6440	ถอนพิษ
6441	เยียวยา​เยียง​ราชา
6442	
6443	
6444	
6445	
6446	
6447	
6448	
6449	
6450	ปองกัน​เพลิง
6451	
6452	
6453	
6454	
6455	
6456	
6457	
6458	
6459	
6460	ปองกัน​พลัง​เวท
6461	
6462	
6463	
6464	
6465	
6466	
6467	
6468	
6469	
6470	ปองกัน​สายฟา
6471	
6472	
6473	
6474	
6475	
6476	
6477	
6478	
6479	
6480	ปองกัน​ศักดิสิทธิ
6481	
6482	
6483	
6484	
6485	
6486	
6487	
6488	
6489	
6490	ปองกัน​ศักดิสิทธิ​เยียง​ราชา
6491	
6492	
6493	
6494	
6495	
6496	
6497	
6498	
6499	
6500	หมอก​หญิง​ร่าง​ทรง​รัตติกาล
6501	
6502	
6503	
6504	
6505	
6506	
6507	
6508	
6509	
6510	ย่าง​ก้าว​หน่วย​ลับ
6511	
6512	
6513	
6514	
6515	
6516	
6517	
6518	
6519	
6520	เงา​ล่อลวง
6521	
6522	
6523	
6524	
6525	
6526	
6527	
6528	
6529	
6530	หมอก​ทมิฬ
6600	สาบาน​ต่อ​พฤกษา​ทอง
6700	วงแหวน​แสง
6701	สาม​วงแหวน​แสง
6702	
6703	
6704	
6705	
6706	
6707	
6708	
6709	
6710	วงแหวน​แสง​รา​ดา​กอน
6711	
6712	
6713	
6714	
6715	
6716	
6717	
6718	
6719	
6720	ดาวหาง​แห่ง​เอล​เดน
6721	
6722	
6723	
6724	
6725	
6726	
6727	
6728	
6729	
6730	ทฤษฎี​หวน​คืน
6731	
6732	
6733	
6734	
6735	
6736	
6737	
6738	
6739	
6740	โล่​อมตะ
6741	
6742	
6743	
6744	
6745	
6746	
6747	
6748	
6749	
6750	บัญญัติ​ศักดิสิทธิ​แก้ไข​ความ​ตาย
6751	
6752	
6753	
6754	
6755	
6756	
6757	
6758	
6759	
6760	ทฤษฎี​กง​กรรม
6761	
6762	
6763	
6764	
6765	
6766	
6767	
6768	
6769	
6770	ดาบ​บัญญัติ​ศักดิสิทธิ
6771	
6772	
6773	
6774	
6775	
6776	
6777	
6778	
6779	
6780	เยียวยา​บัญญัติ​ศักดิสิทธิ
6800	หิน​อสูร
6801	
6802	
6803	
6804	
6805	
6806	
6807	
6808	
6809	
6810	ศิลา​เก​อ​แรง​ค์
6811	
6812	
6813	
6814	
6815	
6816	
6817	
6818	
6819	
6820	กรง​เล็บ​อสูร
6821	
6822	
6823	
6824	
6825	
6826	
6827	
6828	
6829	
6830	กรง​เล็บ​อสูร​เก​อ​แรง​ค์
6831	
6832	
6833	
6834	
6835	
6836	
6837	
6838	
6839	
6840	พลัง​ชีวิต​แห่ง​อสูร
6841	
6842	
6843	
6844	
6845	
6846	
6847	
6848	
6849	
6850	ความ​ถึก​ทน​แห่ง​อสูร
6900	หอก​สายฟา
6901	
6902	
6903	
6904	
6905	
6906	
6907	
6908	
6909	
6910	โจมตี​สายฟา​มังกร​โบราณ
6911	
6912	
6913	
6914	
6915	
6916	
6917	
6918	
6919	
6920	โจมตี​สายฟา
6921	หอก​สายฟา​นํา​แข็ง
6922	
6923	
6924	
6925	
6926	
6927	
6928	
6929	
6930	โจมตี​สายฟา​เล็ง​เปา
6931	
6932	
6933	
6934	
6935	
6936	
6937	
6938	
6939	
6940	หอก​สายฟา​มังกร​โบราณ
6941	หอก​สาย​ฟา​โฟร์​ติ​ซัคส์
6942	
6943	
6944	
6945	
6946	
6947	
6948	
6949	
6950	ง้าว​รัน​ซัคส์
6951	
6952	
6953	
6954	
6955	
6956	
6957	
6958	
6959	
6960	อาวุธ​สายฟา
6961	
6962	
6963	
6964	
6965	
6966	
6967	
6968	
6969	
6970	สายฟา​มังกร​ไวค์
6971	สายฟา​มังกร​คุ้มครอง
7000	เพลิง​มังกร
7001	เพ​ลิ​งอากีล
7002	
7003	
7004	
7005	
7006	
7007	
7008	
7009	
7010	ลม​หายใจ​ลาวา
7011	ลา​วา​ธี​โอ​โด​ริก
7012	
7013	
7014	
7015	
7016	
7017	
7018	
7019	
7020	นํา​แข็ง​มังกร
7021	หมอก​เยือก​แข็ง​โบ​เรอ​า​ลิส
7022	
7023	
7024	
7025	
7026	
7027	
7028	
7029	
7030	ลม​หายใจ​เสือม​สลาย
7031	ความ​เสือม​สลาย​ของ​เอ็ก​ซี​คิส
7032	
7033	
7034	
7035	
7036	
7037	
7038	
7039	
7040	ลม​หายใจ​หิน​จรัส
7041	หิน​จรัส​สมา​แร็ค
7042	
7043	
7044	
7045	
7046	
7047	
7048	
7049	
7050	พรา​ซิ​ดู​ซัคส์​ที​ล่ม​สลาย
7051	
7052	
7053	
7054	
7055	
7056	
7057	
7058	
7059	
7060	กรง​เล็บ​มังกร
7080	มังกร​ขยํา
7081	
7082	
7083	
7084	
7085	
7086	
7087	
7088	
7089	
7090	เสียง​คําราม​แห่ง​เก​รย์​ออล
7110	
7111	
7200	ใย​แมลง
7201	
7202	
7203	
7204	
7205	
7206	
7207	
7208	
7209	
7210	ฝูง​แมลงวัน
7211	
7212	
7213	
7214	
7215	
7216	
7217	
7218	
7219	
7220	หมอก​พิษ
7221	
7222	
7223	
7224	
7225	
7226	
7227	
7228	
7229	
7230	คม​ดาบ​พิษ
7231	
7232	
7233	
7234	
7235	
7236	
7237	
7238	
7239	
7240	เอ​โอ​เนีย​สี​แดง
7300	ติด​เชือ​คลัง
7301	
7302	
7303	
7304	
7305	
7306	
7307	
7308	
7309	
7310	เพลิง​คลัง
7311	เพลิง​คลัง​ไม่​อาจ​ทาน​ทน
7312	
7313	
7314	
7315	
7316	
7317	
7318	
7319	
7320	เพลิง​คลัง​แหวก​เวหา
7321	
7322	
7323	
7324	
7325	
7326	
7327	
7328	
7329	
7330	เสียง​คําราม​ของ​ชา​บริ​รี
7500	ร่าง​พิมพ์​หลอม ​หาง
7501	
7502	
7503	
7504	
7505	
7506	
7507	
7508	
7509	
7510	ร่าง​พิมพ์​หลอม ​เขา
7511	
7512	
7513	
7514	
7515	
7516	
7517	
7518	
7519	
7520	ร่าง​พิมพ์​หลอม ​ถุง​คอ
7521	
7522	
7523	
7524	
7525	
7526	
7527	
7528	
7529	
7530	ดาบ​ทมิฬ
7900	บาป​มหันต์​แห่ง​เพลิง
7901	
7902	
7903	ปองกัน​สายฟา​สี​ทอง
8000	กุญแจ​ดาบ​หิน
8001	
8002	
8003	
8004	
8005	
8006	
8007	
8008	
8009	
8010	กุญแจ​ขึน​สนิม
8102	[ERROR]พระ​กรุณา​แห่ง​ม่าน​ที​มี​แสง​สว่าง​สาด​ส่อง
8103	
8104	
8105	เห​รียญ​ศิลา​เดคทัส (ซ้าย)
8106	เห​รียญ​ศิลา​เดคทัส (ขวา)
8107	เหรียญ​ศิลา​โร​ลด์
8108	
8109	กุญแจ​หิน​จรัส​วิทยาลัย
8110	
8111	รูป​น​คา​เรียก​ลับ​ทิศ
8112	
8113	
8114	
8115	
8116	
8117	
8118	
8119	
8120	
8121	แหวน​จันทร์​ดับ
8122	
8123	
8124	
8125	
8126	องุ่น​รอย​นิว​มือ
8127	จดหมาย​จาก​คฤหาสน์​ภูผา​เพลิง
8128	โอสถ​ลับ​ลืม​เลือน
8129	ถุง​นํา​ครํา​อสรพิษ
8130	[ERROR]เครือง​ประดับ​คอ​ของ​รา​ยา
8131	จดหมาย​ขอ​งอิ​ริ​น่า
8132	จดหมาย​จาก​คฤหาสน์​ภูผา​เพลิง
8133	จดหมาย​สี​แดง
8134	กุญแจ​ห้อง​รับรอง
8135	
8136	เครือง​ประดับ​คอ​ของ​รา​ยา
8137	จดหมาย​เชิญ​แห่ง​คฤหาสน์​ภูผา​เพลิง
8138	
8139	
8140	
8141	
8142	แสง​ดารา​อําพัน
8143	จดหมาย​แนะนํา​ตัว​ของ​เซลู​วิส
8144	หิน​จรัส​แรก​เริม​ของ​เซล​เลน
8145	
8146	แร​น​นี​จิว
8147	[ERROR]อา​ซี​มี ​หยาด​เงิน
8148	มหา​รู​นก็​อด​ดริก
8149	มหา​รู​นรา​ดาห์น
8150	มหา​รู​นม​อร์​ก็อต
8151	มหา​รูน​ไร​คาร์ด
8152	มหา​รู​นม็อค
8153	มหา​รู​นมาเล​เนีย
8154	ผ้า​คํามัน​ราชา​โลหิต
8155	ผ้า​คํามัน​ราชา​โลหิต
8156	[ERROR]จดหมาย​จาก​กา​สุสาน
8157	
8158	กระดิง​อัญเชิญ​วิญญาณ
8159	คม​ดาบ​พิฆาต​องคุลี
8160	
8161	เข็ม​เย็บ​ผ้า
8162	เข็ม​เย็บ​ผ้า​ทอง
8163	อุปกรณ์​ตัด​เย็บ
8164	โอสถ​ของ​เซลู​วิส
8165	[ERROR]
8166	โอสถ​สี​อําพัน
8167	จดหมาย​ถึง​แพ​ทช์
8168	เครือง​เคาะ​จังหวะ​ของ​นัก​เต้น​ระบํา
8169	กุญแจ​ผนึก​เซล​เลีย
8170	
8171	ของ​ดู​ต่าง​หน้า​ของ​บรรดา​ดักแด้
8172	ตรา​ประทับ​ดาบ​ทมิฬ
8173	จดหมาย​ถึง​เบอร์​นาห์ล
8174	กุญแจ​หิน​จรัส​วิทยาลัย
8175	เหรียญ​ศิลา​ลับ​พฤกษา​ศักดิสิทธิ (ซ้าย)
8176	เหรียญ​ศิลา​ลับ​พฤกษา​ศักดิสิทธิ (ขวา)
8177	
8178	
8179	
8180	
8181	[ERROR]จดหมาย​จาก​กา​สุสาน
8182	รูน​ฟนฟู​บัญญัติ​สมบูรณ์
8183	รูน​ฟนฟู​องค์​ชาย​มรณะ
8184	รูน​ฟนฟู​คํา​สาป​ต้อง​สาป
8185	หยาด​ตัว​อ่อน
8186	กุญแจ​ดาบ​หิน​เวท
8187	แร​น​นี​จิว
8188	อุปกรณ์​ตัด​เย็บ​สี​ทอง
8189	[ERROR]จดหมาย​สารภาพ​ขอ​งอิ​จิ
8190	เบาะแส​ตรา​ประทับ
8191	ตรา​คํา​สาป​มรณะ
8192	[ERROR]เปลือก​ของ​อา​ซี​มี
8193	คํา​สาป​ปรสิต
8194	อดีต​ราชา​เหยียว​วายุ
8195	[ERROR]อา​ซี​มี ​ดักแด้​เงิน
8196	เข็ม​ทอง​บริสุทธิ
8197	กุญแจ​คุก​ทาง​นํา​ทิง
8198	แผนที​จุด​นัด​พบ
8199	กุญแจ​ราชวงศ์​ที​ถูก​ทิง
8200	ภาพ "หวน​คืน​รัง"
8201	ภาพ "กําเนิด​ใหม่"
8202	ภาพ "ลํานํา​วีรชน"
8203	ภาพ "จอม​เวท"
8204	ภาพ "คํา​พยากรณ์"
8205	ภาพ "นก​ที​ไม่​อาจ​โบยบิน"
8206	ภาพ "ราชสีห์​แดง"
8221	จดหมาย​ของ​โซ​รายั​ส
8222	เนือ​ใน​อ​เล็ก​ซาน​เด​อร์
8223	จดหมาย​ของ​โร​เจียร์
8224	บันทึก "เกียว​กับ​ความ​ลับ​ของ​ปรมาจารย์"
8225	แผนที​เก่า
8226	บันทึก "เกียว​กับ​ความ​ลับ​ของ​ปรมาจารย์"
8227	แผนที​เก่า
8500	กระเปา​เครือง​มือ
8590	มีด​สัน​หิน​เจียร
8591	
8592	
8593	
8594	
8595	
8596	
8597	
8598	
8599	
8600	ชิน​ส่วน​แผนที: ​ลิ​ม​เกรฟ​ตะวัน​ตก
8601	ชิน​ส่วน​แผนที: ​แหลม​เสียง​สะอืน
8602	ชิน​ส่วน​แผนที: ​ลิ​ม​เกรฟ​ตะวัน​ออก
8603	ชิน​ส่วน​แผนที: ​ลิ​เอ​อร์​เนีย​ตะวัน​ออก
8604	ชิน​ส่วน​แผนที: ​ลิ​เอ​อร์​เนีย​เหนือ
8605	ชิน​ส่วน​แผนที: ​ลิ​เอ​อร์​เนีย​ตะวัน​ตก
8606	ชิน​ส่วน​แผนที: ​ทีราบ​สู​งอัลตัส
8607	ชิน​ส่วน​แผนที: ​นคร​หล​วง​เลน​เดล
8608	ชิน​ส่วน​แผนที: ​ภูเขา​ไฟ​เกล​เมีย
8609	ชิน​ส่วน​แผนที: ​แค​ลิด
8610	ชิน​ส่วน​แผนที: ​เนิน​มังกร
8611	ชิน​ส่วน​แผนที: ​เทือก​เขา​แห่ง​เหล่า​ยักษ์​ตะวัน​ตก
8612	ชิน​ส่วน​แผนที: ​เทือก​เขา​แห่ง​เหล่า​ยักษ์​ตะวัน​ออก
8613	ชิน​ส่วน​แผนที: ​แม่นํา​เอน​เซล
8614	ชิน​ส่วน​แผนที: ​ทะเลสาบ​เสือม​สลาย
8615	ชิน​ส่วน​แผนที: ​แม่นํา​ซี​โอ​ฟ​รา
8616	ชิน​ส่วน​แผนที: ​รา​ชวงศ์ม็อค​วิน
8617	ชิน​ส่วน​แผนที: ​ก้น​บึง​ราก​ง​ลึก
8618	ชิน​ส่วน​แผนที: ​ทุ่ง​หิมะ​ศักดิสิทธิ
8660	ปริศนา​ภาพลวงตา
8700	บันทึก "เกียว​กับ​ถํา​เร้น​ลับ"
8701	บันทึก "เกียว​กับ​เงา​ของ​เห​ล่า​อิมพ์"
8702	บันทึก "เกียว​กับ​จอก​ศักดิสิทธิ​นํา​อมฤต"
8703	บันทึก "เกียว​กับ​โทร​ลล์​ขุด​หิน"
8704	บันทึก "เกียว​กับ​สุสาน​เดิน​ได้"
8705	บันทึก "เกียว​กับ​มือ​ลอบ​สังหาร​ล่องหน"
8706	[ERROR]บันทึก "เกียว​กับ​โลง​ศพ​ใหญ่"
8707	บันทึก "เกียว​กับ​รถ​ศึก​เพลิง"
8708	บันทึก "เกียว​กับ​เหล่า​อมนุษย์"
8709	บันทึก "เกียว​กับ​เพรียง​บก"
8710	บันทึก "เกียว​กับ​พลัง​แรง​โน้ม​ถ่วง"
8711	บันทึก "เกียว​กับ​ปศาจ"
8712	บันทึก "เกียว​กับ​ซาก​เมือง​พัก​แรม"
8713	บันทึก "เกียว​กับ​ประตู​เคลือน​ย้าย"
8714	บันทึก "เกียว​กับ​เข็ม​มิ​เค​ล่า"
8715	บันทึก "เกียว​กับ​หมู่บ้าน​เพลิง​คลัง"
8716	บันทึก "เกียว​กับ​จ้าว​แห่ง​เพลิง​คลัง"
8717	บันทึก "เกียว​กับ​ใต้ดิน​มหานคร"
8750	บันทึก "เกียว​กับ​ถํา​เร้น​ลับ"
8751	บันทึก "เกียว​กับ​เงา​ของ​เห​ล่า​อิมพ์"
8752	บันทึก "เกียว​กับ​จอก​ศักดิสิทธิ​นํา​อมฤต"
8753	บันทึก "เกียว​กับ​โทร​ลล์​ขุด​หิน"
8754	บันทึก "เกียว​กับ​สุสาน​เดิน​ได้"
8755	บันทึก "เกียว​กับ​มือ​ลอบ​สังหาร​ล่องหน"
8756	[ERROR]บันทึก "เกียว​กับ​โลง​ศพ​ใหญ่"
8757	บันทึก "เกียว​กับ​รถ​ศึก​เพลิง"
8758	บันทึก "เกียว​กับ​เหล่า​อมนุษย์"
8759	บันทึก "เกียว​กับ​เพรียง​บก"
8760	บันทึก "เกียว​กับ​พลัง​แรง​โน้ม​ถ่วง"
8761	บันทึก "เกียว​กับ​ปศาจ"
8762	บันทึก "เกียว​กับ​ซาก​เมือง​พัก​แรม"
8763	บันทึก "เกียว​กับ​ประตู​เคลือน​ย้าย"
8764	
8765	บันทึก "เกียว​กับ​หมู่บ้าน​เพลิง​คลัง"
8766	
8767	บันทึก "เกียว​กับ​ใต้ดิน​มหานคร"
8850	ม้วน​จารึก​ของ​ชัน​เรียน
8851	ม้วน​จารึก​ของ​ราชวงศ์
8852	[ERROR]
8853	[ERROR]
8854	[ERROR]
8855	คัมภีร์​มน​ตรา​ทหาร​นักบวช​เพลิง
8856	คัมภีร์​มน​ตรา​ยักษ์
8857	คัมภีร์​มน​ตรา​มังสา​เทพ
8858	คัมภีร์​มน​ตรา​ทวิ​องคุลี
8859	คัมภีร์​มน​ตรา​ด้าน​มืด
8860	คัมภีร์​มน​ตรา​พฤกษา​ทอง
8861	คัมภีร์​จารึก​พฤกษา​ทอง
8862	หลัก​บัญญัติ​ทอง
8863	[ERROR]หลัก​บัญญัติ​ทอง
8864	คัมภีร์​มน​ตรา​ลัทธิ​ศรัทธา​มังกร
8865	คัมภีร์​มน​ตรา​มังกร​โบราณ
8866	ม้วน​จารึก​ของ​วิทยาลัย
8910	กระ​ดิง​ของ​พิ​เดีย
8911	กระดิง​ของ​เซลู​วิส
8912	กระดิง​ของ​แพ​ทช์
8913	กระดิง​ของ​เซล​เลน
8914	[ERROR]
8915	กระดิง​ของ D
8916	กระดิง​ของ​เบอร์​นาห์ล
8917	กระดิง​ของ​มิ​ริ​เอล
8918	กระดิง​ขอ​งก​อสต็​อก
8919	กระ​ดิง​ของ​โธปส์
8920	กระดิง​ของ​คา​เล่
8921	กระดิง​ของ​พ่อค้า​เร่ร่อน [1]
8922	กระดิง​ของ​พ่อค้า​เร่ร่อน [2]
8923	กระดิง​ของ​พ่อค้า​เร่ร่อน [3]
8924	กระดิง​ของ​พ่อค้า​เร่ร่อน [4]
8925	กระดิง​ของ​พ่อค้า​เร่ร่อน [5]
8926	กระดิง​ของ​พ่อค้า​ผู้​ถือ​สันโดษ [1]
8927	กระดิง​ของ​พ่อค้า​ผู้​ถือ​สันโดษ [2]
8928	กระดิง​ของ​พ่อค้า​เร่ร่อน [6]
8929	กระดิง​ของ​พ่อค้า​ผู้​ละ​ทาง​โลก [1]
8930	กระดิง​ของ​พ่อค้า​เร่ร่อน [7]
8931	กระดิง​ของ​พ่อค้า​เร่ร่อน [8]
8932	กระดิง​ของ​พ่อค้า​เร่ร่อน [9]
8933	กระดิง​ของ​พ่อค้า​เร่ร่อน [10]
8934	[ERROR]กระดิง​ของ​พ่อค้า​เร่ร่อน [11]
8935	กระดิง​ของ​พ่อค้า​ผู้​ถือ​สันโดษ [3]
8936	กระดิง​ของ​พ่อค้า​ผู้​ละ​ทาง​โลก [2]
8937	กระดิง​ของ​พ่อค้า​ผู้​ถูก​ทิง
8938	กระดิง​ของ​พ่อค้า​ผู้​ละ​ทาง​โลก [3]
8939	กระดิง​ของ​พ่อค้า​ผู้​ถูก​จองจํา
8940	กระดิง​ขอ​งอิ​จิ
8941	กระดิง​ของ​โร​เจียร์
8942	กระดิง​ของ​อันธพาล
8943	กระดิง​ของ​คอ​ริน
8944	กระดิง​ของ​โกว์​รี
8945	กระดิง​ของ​คน​ค้า​กระดูก
8946	กระดิง​ของ​คน​ค้า​เนือ
8947	กระดิง​ของ​คน​ค้า​ยา
8948	กระดิง​ของ​คน​ค้า​แรง​โน้ม​ถ่วง
8949	[ERROR]
8950	[ERROR]
8951	กระดิง​ของ​นัก​ขุด​หิน​แร่ [1]
8952	กระดิง​ของ​นัก​ขุด​หิน​แร่ [2]
8953	กระดิง​ของ​นัก​ขุด​หิน​แร่ [3]
8954	กระดิง​ของ​นัก​ขุด​หิน​แร่ [4]
8955	กระดิง​ของ​นัก​ขุด​สี​ขาว [1]
8956	กระดิง​ของ​นัก​ขุด​สี​ขาว [2]
8957	กระดิง​ของ​นัก​ขุด​สี​ขาว [3]
8958	กระดิง​ของ​นัก​ขุด​สี​ขาว [4]
8959	กระดิง​ของ​นัก​ขุด​สี​ขาว [5]
8960	กระดิง​ของ​ผู้​เด็ด​ดอก​ระฆัง​แก้ว [1]
8961	กระดิง​ของ​ผู้​เด็ด​ดอก​ระฆัง​แก้ว [2]
8962	กระดิง​ของ​ผู้​เด็ด​ดอก​ระฆัง​แก้ว [3]
8963	กระดิง​ของ​ผู้​เด็ด​ร่าง​วิญญาณ [1]
8964	กระดิง​ของ​ผู้​เด็ด​ร่าง​วิญญาณ [2]
8965	กระดิง​ของ​ผู้​เด็ด​ร่าง​วิญญาณ [3]
8966	
8967	
8968	
8969	
8970	มีด​หิน​เจียร​เหล็ก
8971	มีด​หิน​เจียร​ไหม้
8972	มีด​หิน​เจียร​ศักดิสิทธิ
8973	มีด​หิน​เจียร​หิน​จรัส
8974	มีด​หิน​เจียร​ดํา
8975	เข็ม​ทอง​บริสุทธิ
8976	เข็ม​ทอง​บริสุทธิ
8977	มือ​เทียม​ของ​นารี​สงคราม
8978	ความ​ลับ​ของ​เมือง​เซล​เลีย
8979	ดวงตา​อสูร
8980	ดาบ​สัน​กัดกร่อน
9000	คํานับ
9001	คํานับ​อย่าง​เปน​ทางการ
9002	คํานับ​อย่าง​ยําเกรง
9003	ถวาย​บังคม
9004	คํานับ​ด้วย​ความ​เคารพ
9005	ราชา​ของ​ข้า
9006	ต้อนรับ
9007	โบกมือ
9008	ไง
9009	ฮึบ
9010	น้อม​รับคํา​สัง
9011	ชี​ไป​ข้าง​หน้า
9012	ชี​ไป​ข้าง​บน
9013	ชี​ไป​ข้าง​ล่าง
9014	กวัก​มือ​เรียก
9015	หยุด​ก่อน
9016	ใจเย็น
9017	พยัก​หน้า​ครุ่นคิด
9018	ก้ม​กราบ
9019	ร้องขอ​ชีวิต
9020	ปลุกใจ
9021	ฮึกเหิม 
9022	สาบาน​ต่อ​ดาบ
9023	คํา​สาบาน​แห่ง​ฮอส​โลว์
9024	ขอ​เพลิง​จง​สถิต​ใน​กาย​ข้า
9025	คํา​สาบาน​แห่ง​คา​เรีย
9026	ปรบ​มือ
9027	กระโดด​โลด​เต้น​ดีใจ
9028	ชู​มือ​สอง​ข้าง​ดีใจ
9029	หมุน​ตัว
9030	ดีด​นิว
9031	ทรุด
9032	นัง​แบบ​แพ​ทช์
9033	นัง​ขัด​สมาธิ
9034	นัง​ชัน​เข่า
9035	นัง​พับ​เพียบ
9036	นัง​ขัด​สมาธิ​หลับ
9037	นอน​แผ่
9038	นอน​งอ​เข่า
9039	ขด​ตัว
9040	เจ้า​มี​ธุระ​อะไร
9041	ภาวนา
9042	ภาวนา​จาก​ใจ
9043	เข้า​สู่​ภวังค์
9044	
9045	เชาวน์​ญญา
9046	บัญญัติ​นอก
9047	บัญญัติ​ใน
9048	บัญญัติ​ทอง​ฉบับ​เต็ม
9049	วงแหวน
9050	วงแหวน
9100	อธิบาย "พร"
9101	อธิบาย "คาถา​และ​มน​ตรา"
9102	อธิบาย "ธนู"
9103	อธิบาย "การ​ย่อ​ตัว"
9104	อธิบาย "การ​โจมตี​ให้​เสีย​หลัก"
9105	อธิบาย "ลิม​แห่ง​มาริ​กา"
9106	อธิบาย "การ​ปองกัน​และ​โต้​กลับ"
9107	อธิบาย "แผนที"
9108	อธิบาย "การ​ชีนํา​แห่ง​พร"
9109	อธิบาย "การ​ขี​ม้า"
9110	อธิบาย "การ​สินชีพ"
9111	อธิบาย "การ​อัญเชิญ​ร่าง​วิญญาณ"
9112	อธิบาย "การ​ปองกัน"
9113	อธิบาย "การ​สร้าง​ไอ​เทม"
9114	
9115	อธิบาย "จอก​ศักดิสิทธิ​นํา​อมฤต"
9116	อธิบาย "การ​ใส่​ทักษะ​ต่อสู้"
9117	อธิบาย "นก​มอง​ไกล"
9118	อธิบาย "การก​ระ​โดด​ปราณ​ภูต"
9119	อธิบาย "การ​ถล่ม​กลุ่ม​ศัตรู"
9120	อธิบาย "ส​คา​รับ​หยาด​นํา"
9121	อธิบาย "อัญเชิญ​ผู้​เล่น​อืน"
9122	อธิบาย "โหมด​ผู้​เล่น​หลาย​คน​แบบ​ร่วม​มือ"
9123	อธิบาย "โหมด​ผู้​เล่น​หลาย​คน​แบบ​ต่อสู้"
9124	อธิบาย "โหมด​ผู้​เล่น​หลาย​คน​แบบ​บุกรุก"
9125	อธิบาย "โหมด​ผู้​เล่น​หลาย​คน​แบบ​นัก​ล่า"
9126	อธิบาย "แหล่ง​รวม​สัญญาณ"
9127	อธิบาย "สัญลักษณ์​อักษร​จารึก"
9128	อธิบาย "คําขอ​อัญเชิญ​นัก​ล่า"
9129	อธิบาย "ทักษะ​ต่อสู้"
9130	อธิบาย "การ​เคลือน​ย้าย​ไป​ยัง​พร"
9131	อธิบาย "การ​เสริม​พลัง​อาวุธ"
9132	อธิบาย "โต๊ะ​กลม"
9133	บันทึก: ​ตัวแทน
9134	อธิบาย "ไอ​เท​ม​วัตถุดิบ"
9135	อธิบาย "ไอ​เทม​ภาชนะ"
9136	อธิบาย "การ​ใส่​คุณสมบัติ"
9137	อธิบาย "กระเปา​พก"
9138	อธิบาย "การ​หลบ"
9139	
9140	อธิบาย "สลับ​ข้าง​อาวุธ"
9141	อธิบาย "มหา​รูน"
9142	อธิบาย "ถํา​แห่ง​การ​เรียน​รู้"
9143	
9144	
9145	
9146	
9147	
9148	
9149	
9150	อธิบาย "ประลอง"
9151	อธิบาย "ร่วม​สู้/​ตะลุมบอน"
9152	อธิบาย "สู้​โดย​ใช้​ธุลี"
9153	อธิบาย "รูป​น​มาริ​กา​ใน​โต๊ะ​กลม"
9195	[ERROR]อธิบาย "โหมด​ผู้​เล่น​หลาย​คน"
9196	
9197	
9198	
9199	
9200	จดหมาย​นก​พิราบ​สือสาร [1]
9201	จดหมาย​นก​พิราบ​สือสาร [2]
9202	
9203	
9204	
9205	
9206	
9207	
9208	
9209	
9300	คู่มือ​ประดิษฐ์​ของ​นักรบ​เร่ร่อน [1]
9301	คู่มือ​ประดิษฐ์​ของ​นักรบ​เร่ร่อน [3]
9302	คู่มือ​ประดิษฐ์​ของ​นักรบ​เร่ร่อน [6]
9303	คู่มือ​ประดิษฐ์​ของ​นักรบ​เร่ร่อน [10]
9304	[ERROR]คู่มือ​ประดิษฐ์​ของ​นักรบ​หนี​ทัพ [5]
9305	คู่มือ​ประดิษฐ์​ของ​นักรบ​เร่ร่อน [7]
9306	คู่มือ​ประดิษฐ์​ของ​นักรบ​เร่ร่อน [12]
9307	คู่มือ​ประดิษฐ์​ของ​นักรบ​เร่ร่อน [19]
9308	คู่มือ​ประดิษฐ์​ของ​นักรบ​เร่ร่อน [13]
9309	คู่มือ​ประดิษฐ์​ของ​นักรบ​เร่ร่อน [23]
9310	คู่มือ​ประดิษฐ์​ของ​นักรบ​เร่ร่อน [17]
9311	คู่มือ​ประดิษฐ์​ของ​นักรบ​เร่ร่อน [2]
9312	คู่มือ​ประดิษฐ์​ของ​นักรบ​เร่ร่อน [21]
9313	คู่มือ​ประดิษฐ์​ของ​นัก​เผยแผ่​ศาสนา [6]
9314	[ERROR]
9315	[ERROR]
9316	[ERROR]
9317	[ERROR]
9318	[ERROR]
9319	[ERROR]
9320	คู่มือ​ประดิษฐ์​ของ​ช่าง​อาวุธ [1]
9321	คู่มือ​ประดิษฐ์​ของ​ช่าง​อาวุธ [2]
9322	คู่มือ​ประดิษฐ์​ของ​นักรบ​เร่ร่อน [11]
9323	คู่มือ​ประดิษฐ์​ของ​นักรบ​เร่ร่อน [20]
9324	[ERROR]คู่มือ​ประดิษฐ์​ของ​ช่าง​อาวุธ [5]
9325	คู่มือ​ประดิษฐ์​ของ​ช่าง​อาวุธ [7]
9326	คู่มือ​ประดิษฐ์​ของ​ช่าง​อาวุธ [4]
9327	คู่มือ​ประดิษฐ์​ของ​นักรบ​เร่ร่อน [18]
9328	คู่มือ​ประดิษฐ์​ของ​ช่าง​อาวุธ [3]
9329	คู่มือ​ประดิษฐ์​ของ​นักรบ​เร่ร่อน [16]
9330	คู่มือ​ประดิษฐ์​ของ​ช่าง​อาวุธ [6]
9331	คู่มือ​ประดิษฐ์​ของ​ช่าง​อาวุธ [5]
9332	[ERROR]
9333	[ERROR]
9334	[ERROR]
9335	[ERROR]
9336	[ERROR]
9337	[ERROR]
9338	[ERROR]
9339	[ERROR]
9340	คู่มือ​ประดิษฐ์​ของ​ช่าง​หิน​จรัส [4]
9341	คู่มือ​ประดิษฐ์​ของ​ช่าง​หิน​จรัส [1]
9342	คู่มือ​ประดิษฐ์​ของ​ช่าง​หิน​จรัส [5]
9343	คู่มือ​ประดิษฐ์​ของ​นักรบ​เร่ร่อน [9]
9344	คู่มือ​ประดิษฐ์​ของ​ช่าง​หิน​จรัส [8]
9345	คู่มือ​ประดิษฐ์​ของ​ช่าง​หิน​จรัส [2]
9346	คู่มือ​ประดิษฐ์​ของ​ช่าง​หิน​จรัส [6]
9347	คู่มือ​ประดิษฐ์​ของ​ช่าง​หิน​จรัส [7]
9348	คู่มือ​ประดิษฐ์​ของ​ช่าง​หิน​จรัส [3]
9349	[ERROR]
9350	[ERROR]
9351	[ERROR]
9352	[ERROR]
9353	[ERROR]
9354	[ERROR]
9355	[ERROR]
9356	[ERROR]
9357	[ERROR]
9358	[ERROR]
9359	[ERROR]
9360	คู่มือ​ประดิษฐ์​ของ​นัก​เผยแผ่​ศาสนา [2]
9361	คู่มือ​ประดิษฐ์​ของ​นัก​เผยแผ่​ศาสนา [1]
9362	[ERROR]คู่มือ​ประดิษฐ์​ของ​นัก​เผยแผ่​ศาสนา [3]
9363	คู่มือ​ประดิษฐ์​ของ​นัก​เผยแผ่​ศาสนา [5]
9364	คู่มือ​ประดิษฐ์​ของ​นัก​เผยแผ่​ศาสนา [4]
9365	คู่มือ​ประดิษฐ์​ของ​นัก​เผยแผ่​ศาสนา [3]
9366	[ERROR]
9367	[ERROR]
9368	[ERROR]
9369	[ERROR]
9370	[ERROR]
9371	
9372	
9373	
9374	
9375	
9376	
9377	
9378	
9379	
9380	คู่มือ​ประดิษฐ์​ของ​นักรบ​เร่ร่อน [4]
9381	[ERROR]คู่มือ​ประดิษฐ์​ของ​สุ​คนธ​จาร​ย์ [1]
9382	[ERROR]คู่มือ​ประดิษฐ์​ของ​สุ​คนธ​จาร​ย์ [2]
9383	คู่มือ​ประดิษฐ์​ของ​นักรบ​เร่ร่อน [5]
9384	คู่มือ​ประดิษฐ์​ของ​สุ​คนธ​จาร​ย์ [1]
9385	คู่มือ​ประดิษฐ์​ของ​สุ​คนธ​จาร​ย์ [2]
9386	คู่มือ​ประดิษฐ์​ของ​สุ​คนธ​จาร​ย์ [3]
9387	คู่มือ​ประดิษฐ์​ของ​นักรบ​เร่ร่อน [14]
9388	คู่มือ​ประดิษฐ์​ของ​นักรบ​เร่ร่อน [8]
9389	คู่มือ​ประดิษฐ์​ของ​นักรบ​เร่ร่อน [22]
9390	คู่มือ​ประดิษฐ์​ของ​นักรบ​เร่ร่อน [15]
9391	คู่มือ​ประดิษฐ์​ของ​นักรบ​เร่ร่อน [24]
9392	คู่มือ​ประดิษฐ์​ของ​สุ​คนธ​จาร​ย์ [4]
9393	[ERROR]คู่มือ​ประดิษฐ์​ของ​สุ​คนธ​จาร​ย์ [13]
9394	[ERROR]
9395	[ERROR]
9396	[ERROR]
9397	[ERROR]
9398	[ERROR]
9399	[ERROR]
9400	คู่มือ​ประดิษฐ์​ของ​สาวก​มังกร​โบราณ [1]
9401	คู่มือ​ประดิษฐ์​ของ​สาวก​มังกร​โบราณ [2]
9402	คู่มือ​ประดิษฐ์​ของ​สาวก​มังกร​โบราณ [4]
9403	คู่มือ​ประดิษฐ์​ของ​สาวก​มังกร​โบราณ [3]
9404	[ERROR]
9405	[ERROR]
9406	[ERROR]
9407	[ERROR]
9408	[ERROR]
9409	[ERROR]
9410	[ERROR]
9411	
9412	
9413	
9414	
9415	
9416	
9417	
9418	
9419	
9420	คู่มือ​ประ​ดิษฐ์​ของ​ฟา​ริส [1]
9421	คู่มือ​ประ​ดิษฐ์​ของ​ฟา​ริส [3]
9422	คู่มือ​ประ​ดิษฐ์​ของ​ฟา​ริส [2]
9423	คู่มือ​ประดิษฐ์​ของ​นัก​เผยแผ่​ศาสนา [7]
9424	[ERROR]
9425	[ERROR]
9426	[ERROR]
9427	[ERROR]
9428	[ERROR]
9429	[ERROR]
9430	[ERROR]
9431	
9432	
9433	
9434	
9435	
9436	
9437	
9438	
9439	
9440	คู่มือ​ประดิษฐ์​ของ​คน​ปวย [1]
9441	คู่มือ​ประดิษฐ์​ของ​คน​ปวย [2]
9442	[ERROR]
9443	[ERROR]
9444	[ERROR]
9445	[ERROR]
9446	[ERROR]
9447	[ERROR]
9448	[ERROR]
9449	[ERROR]
9450	[ERROR]
9500	ไห​ร้าว
9501	ไห​พิธีกรรม
9502	
9503	
9504	
9505	
9506	
9507	
9508	
9509	
9510	ขวด​นําหอม
10000	เศษ​แก้ว
10001	
10002	
10003	
10004	
10005	
10006	
10007	
10008	
10009	
10010	เมล็ด​สี​ทอง
10011	
10012	
10013	
10014	
10015	
10016	
10017	
10018	
10019	
10020	หยาด​นํา​จอก​ศักดิสิทธิ
10021	
10022	
10023	
10024	
10025	
10026	
10027	
10028	
10029	
10030	หิน​ความ​ทรง​จํา
10031	
10032	
10033	
10034	
10035	
10036	
10037	
10038	
10039	
10040	ถุง​เครืองราง
10060	หัวใจ​มังกร
10061	
10062	
10063	
10064	
10065	
10066	
10067	
10068	
10069	
10070	เถ้า​สงคราม​สูญ​สลาย
10071	
10072	
10073	
10074	
10075	
10076	
10077	
10078	
10079	
10080	มหา​รูน​แห่ง​สัมภเว​สี
10100	หิน​แร่ [1]
10101	หิน​แร่ [2]
10102	หิน​แร่ [3]
10103	หิน​แร่ [4]
10104	หิน​แร่ [5]
10105	หิน​แร่ [6]
10106	หิน​แร่ [7]
10107	หิน​แร่ [8]
10140	หิน​แร่​ศิลา​มังกร​โบราณ
10160	หิน​แร่​สี​ขาว [1]
10161	หิน​แร่​สี​ขาว [2]
10162	หิน​แร่​สี​ขาว [3]
10163	หิน​แร่​สี​ขาว [4]
10164	หิน​แร่​สี​ขาว [5]
10165	หิน​แร่​สี​ขาว [6]
10166	หิน​แร่​สี​ขาว [7]
10167	หิน​แร่​สี​ขาว [8]
10168	หิน​แร่​สี​ขาว​ศิลา​มังกร​โบราณ
10200	หิน​แร่​สี​ขาว [9]
10900	ดอก​ระฆัง​แก้ว​สุสาน [1]
10901	ดอก​ระฆัง​แก้ว​สุสาน [2]
10902	ดอก​ระฆัง​แก้ว​สุสาน [3]
10903	ดอก​ระฆัง​แก้ว​สุสาน [4]
10904	ดอก​ระฆัง​แก้ว​สุสาน [5]
10905	ดอก​ระฆัง​แก้ว​สุสาน [6]
10906	ดอก​ระฆัง​แก้ว​สุสาน [7]
10907	ดอก​ระฆัง​แก้ว​สุสาน [8]
10908	ดอก​ระฆัง​แก้ว​สุสาน [9]
10909	ดอก​ระฆัง​แก้ว​สุสาน​ดอก​ใหญ่
10910	ดอก​ระฆัง​แก้ว​สุสาน​ร่าง​วิญญาณ [1]
10911	ดอก​ระฆัง​แก้ว​สุสาน​ร่าง​วิญญาณ [2]
10912	ดอก​ระฆัง​แก้ว​สุสาน​ร่าง​วิญญาณ [3]
10913	ดอก​ระฆัง​แก้ว​สุสาน​ร่าง​วิญญาณ [4]
10914	ดอก​ระฆัง​แก้ว​สุสาน​ร่าง​วิญญาณ [5]
10915	ดอก​ระฆัง​แก้ว​สุสาน​ร่าง​วิญญาณ [6]
10916	ดอก​ระฆัง​แก้ว​สุสาน​ร่าง​วิญญาณ [7]
10917	ดอก​ระฆัง​แก้ว​สุสาน​ร่าง​วิญญาณ [8]
10918	ดอก​ระฆัง​แก้ว​สุสาน​ร่าง​วิญญาณ [9]
10919	ดอก​ระฆัง​แก้ว​ร่าง​วิญญาณ​ดอก​ใหญ่
11000	หยาด​ผลึก​แก้ว​ฉํา​สี​ชาด
11001	หยาด​ผลึก​แก้ว​ฉํา​สี​มรกต
11002	หยาด​ผลึก​แก้ว​สี​ชาด
11003	หยาด​ผลึก​แก้ว​สี​ชาด
11004	หยาด​ผลึก​แก้ว​สี​คราม
11005	หยาด​ผลึก​แก้ว​สี​คราม
11006	หยาด​แข็ง​สี​เหลือบ​รุ้ง
11007	หยาด​ฟอง​สี​ชาด
11008	หยาด​ฟอง​สี​ไข่มุก
11009	หยาด​ผลึก​แก้ว​ปะทุ​สี​ชาด
11010	หยาด​ผลึก​แก้ว​ปะทุ​สี​มรกต
11011	หยาด​แข็ง​สี​ไข่มุก
11012	หยาด​ผลึก​แก้ว​ปก
11013	เสียว​หยาด​หนาม​เรียง
11014	เสียว​หยาด​หนาม​ใหญ่
11015	หยาด​ผลึก​แก้ว​วายุ
11016	หยาด​ผลึก​แก้ว​แตก​ร้าว
11017	หยาด​ผลึก​แก้ว​แตก​ร้าว
11018	หยาด​แข็ง​สี​ตะกัว
11019	เสียว​หยาด​กิง​เรียว
11020	หยาด​ฟอง​เก​ลี​ยวคลืน​สี​ชาด
11021	หยาด​ผลึก​แก้ว​ก้อน​ความ​แข็งแกร่ง
11022	หยาด​ผลึก​แก้ว​ก้อน​ความ​ชํานาญ
11023	หยาด​ผลึก​แก้ว​ก้อน​ความ​ฉลาด
11024	หยาด​ผลึก​แก้ว​ก้อน​ความ​ศรัทธา
11025	หยาด​ลับ​สี​คราม
11026	เสียว​หยาด​หนาม​หิน
11027	หยาด​ผลึก​แก้ว​เลือด​บริสุทธิ
11028	เสียว​หยาด​ประจุ​เพลิง
11029	เสียว​หยาด​ประจุ​พลัง​เวท
11030	เสียว​หยาด​ประจุ​สายฟา
11031	เสียว​หยาด​ประจุ​พลัง​ศักดิสิทธิ
15000	ชิน​เนือ
15001	
15002	
15003	
15004	
15005	
15006	
15007	
15008	
15009	
15010	ตับ​สัตว์​ปา
15011	
15012	
15013	
15014	
15015	
15016	
15017	
15018	
15019	
15020	ก้อน​เนือ​สัตว์​ปา
15021	
15022	
15023	
15024	
15025	
15026	
15027	
15028	
15029	
15030	โลหิต​สัตว์​ปา
15031	
15032	
15033	
15034	
15035	
15036	
15037	
15038	
15039	
15040	เขียว​โบราณ
15041	
15042	
15043	
15044	
15045	
15046	
15047	
15048	
15049	
15050	หน่อ​เขา
15051	
15052	
15053	
15054	
15055	
15056	
15057	
15058	
15059	
15060	ขนนก
15061	
15062	
15063	
15064	
15065	
15066	
15067	
15068	
15069	
15070	ขน​นก​อําพราง
15071	
15072	
15073	
15074	
15075	
15076	
15077	
15078	
15079	
15080	ขา​นก​สี​นิว
15081	
15082	
15083	
15084	
15085	
15086	
15087	
15088	
15089	
15090	เนือ​คอ​เต่า
15091	
15092	
15093	
15094	
15095	
15096	
15097	
15098	
15099	
15100	เศษ​กระดูก​มนุษย์
15101	
15102	
15103	
15104	
15105	
15106	
15107	
15108	
15109	
15110	หัว​แมลงปอ​ยักษ์
15111	
15112	
15113	
15114	
15115	
15116	
15117	
15118	
15119	
15120	ไข่​นิทรา
15121	
15122	
15123	
15124	
15125	
15126	
15127	
15128	
15129	
15130	ไข่​ปู
15131	
15132	
15133	
15134	
15135	
15136	
15137	
15138	
15139	
15140	ไข่ปลา​หมึก
15141	
15142	
15143	
15144	
15145	
15146	
15147	
15148	
15149	
15150	ละออง​มิ​รัน​ดา
15151	
15152	
15153	
15154	
15155	
15156	
15157	
15158	
15159	
15160	ชิน​เนือ​ขาว
15310	
15340	กระดูก​สัตว์​เรียว​ยาว
15341	กระดูก​สัตว์​อ้วน​ปอม
15390	หิน​จรัส​ชัน​เลว
15391	
15392	
15393	
15394	
15395	
15396	
15397	
15398	
15399	
15400	เชือก
15401	
15402	
15403	
15404	
15405	
15406	
15407	
15408	
15409	
15410	เศษ​ไห​มี​ชีวิต
15411	
15412	
15413	
15414	
15415	
15416	
15417	
15418	
15419	
15420	เลือด​คัง​สี​เงิน
15421	
15422	
15423	
15424	
15425	
15426	
15427	
15428	
15429	
15430	ขน​เหยียว​วายุ
20650	ดอกไม้​พิษ
20651	ดอกบัว​แห่ง​ทรี​นา
20652	บุปผา​อ​สนี
20653	ดอกบัว​ขอ​งมิเค​ล่า
20654	บุปผา​สุสาน​อินทนิล
20655	
20656	
20657	
20658	
20659	
20660	ดอก​พฤกษา​ทอง​โรยรา​เปลียน​สี
20680	ดอก​พฤกษา​ทอง​โรยรา
20681	ดอก​อัลตัส
20682	บุปผา​เพลิง
20683	หญ้า​แหวน​ทอง
20684	
20685	หญ้า​แหวน​ทอง​สีห​ม่น
20686	
20687	
20688	
20689	
20690	สมุนไพร
20691	ใบ​อัล​เท​เรีย
20710	สมุนไพร​นําค้าง​กลาง​คืน
20711	
20712	
20713	
20714	
20715	
20716	
20717	
20718	
20719	
20720	ผล​โร​อา
20721	ผล​โร​อา​สี​ทอง
20722	ผล​โร​อา​สาย​พันธุ์​ดังเดิม
20723	กุหลาบ​เลือด
20740	ดวงตา​ของ​เยล​าฟ
20741	
20742	
20743	
20744	
20745	
20746	
20747	
20748	
20749	
20750	ต้น​อ่อน​ผลึก​แก้ว
20751	ต้น​อ่อน​ผลึก​แก้ว​เยือก​แข็ง
20752	
20753	ต้น​อ่อน​เลือด​ศักดิสิทธิ
20754	
20755	
20756	
20757	
20758	
20759	
20760	เห็ด
20761	เห็ด​ละลาย
20762	
20763	
20764	
20765	
20766	
20767	
20768	
20769	
20770	เห็ด​รา​พิษ
20771	
20772	
20773	
20774	
20775	ยาง​ราก​ไม้
20776	
20777	
20778	
20779	
20780	ผลึก​แก้ว​พัง​ทลาย
20795	หิน​ศาสน​สถาน
20796	
20797	
20798	
20799	
20800	ตัว​อ่อน​ผีเสือ
20801	ผีเสือ​เอ​โอ​เนีย
20802	ผีเสือ​มอด​ไหม้
20803	
20804	
20805	
20806	
20807	
20808	
20809	
20810	หิงห้อย​สี​เงิน
20811	หิงห้อย​สี​ทอง
20812	หิงห้อย​หิน​จรัส
20813	
20814	
20815	
20816	
20817	
20818	
20819	
20820	ตะขาบ​สี​ทอง
20821	
20822	
20823	
20824	
20825	เปลือก​หยาด​เงิน
20826	
20827	
20828	
20829	
20830	อาจม​ทอง
20831	อาจม​ปน​เลือด
20832	
20833	
20834	
20835	
20836	
20837	
20838	
20839	
20840	ตะไคร่​ถํา
20841	ดอก​ตูม​ตะไคร่​ถํา
20842	ผลึก​แก้ว​ตะไคร่​ถํา
20843	
20844	
20845	ไฟ​ใกล้​มอด​สี​เหลือง
20846	
20847	
20848	
20849	
20850	หิน​ภูเขาไฟ
20851	
20852	ศิลา​กรด​มด
20853	
20854	
20855	กรวด
51760	[ERROR]
200000	ทิชี ​ดาบ​ทมิฬ
200001	ทิชี ​ดาบ​ทมิฬ +1
200002	ทิชี ​ดาบ​ทมิฬ +2
200003	ทิชี ​ดาบ​ทมิฬ +3
200004	ทิชี ​ดาบ​ทมิฬ +4
200005	ทิชี ​ดาบ​ทมิฬ +5
200006	ทิชี ​ดาบ​ทมิฬ +6
200007	ทิชี ​ดาบ​ทมิฬ +7
200008	ทิชี ​ดาบ​ทมิฬ +8
200009	ทิชี ​ดาบ​ทมิฬ +9
200010	ทิชี ​ดาบ​ทมิฬ +10
201000	โอ​เลก ​อัศวิน​เสีย​ดิน​แดน
201001	โอ​เลก ​อัศวิน​เสีย​ดิน​แดน +1
201002	โอ​เลก ​อัศวิน​เสีย​ดิน​แดน +2
201003	โอ​เลก ​อัศวิน​เสีย​ดิน​แดน +3
201004	โอ​เลก ​อัศวิน​เสีย​ดิน​แดน +4
201005	โอ​เลก ​อัศวิน​เสีย​ดิน​แดน +5
201006	โอ​เลก ​อัศวิน​เสีย​ดิน​แดน +6
201007	โอ​เลก ​อัศวิน​เสีย​ดิน​แดน +7
201008	โอ​เลก ​อัศวิน​เสีย​ดิน​แดน +8
201009	โอ​เลก ​อัศวิน​เสีย​ดิน​แดน +9
201010	โอ​เลก ​อัศวิน​เสีย​ดิน​แดน +10
202000	อิง​วาร์ ​อัศวิน​เสีย​ดิน​แดน
202001	อิง​วาร์ ​อัศวิน​เสีย​ดิน​แดน +1
202002	อิง​วาร์ ​อัศวิน​เสีย​ดิน​แดน +2
202003	อิง​วาร์ ​อัศวิน​เสีย​ดิน​แดน +3
202004	อิง​วาร์ ​อัศวิน​เสีย​ดิน​แดน +4
202005	อิง​วาร์ ​อัศวิน​เสีย​ดิน​แดน +5
202006	อิง​วาร์ ​อัศวิน​เสีย​ดิน​แดน +6
202007	อิง​วาร์ ​อัศวิน​เสีย​ดิน​แดน +7
202008	อิง​วาร์ ​อัศวิน​เสีย​ดิน​แดน +8
202009	อิง​วาร์ ​อัศวิน​เสีย​ดิน​แดน +9
202010	อิง​วาร์ ​อัศวิน​เสีย​ดิน​แดน +10
203000	ธุลี​อิมพ์ ​ปศาจ​เขียว
203001	ธุลี​อิมพ์ ​ปศาจ​เขียว +1
203002	ธุลี​อิมพ์ ​ปศาจ​เขียว +2
203003	ธุลี​อิมพ์ ​ปศาจ​เขียว +3
203004	ธุลี​อิมพ์ ​ปศาจ​เขียว +4
203005	ธุลี​อิมพ์ ​ปศาจ​เขียว +5
203006	ธุลี​อิมพ์ ​ปศาจ​เขียว +6
203007	ธุลี​อิมพ์ ​ปศาจ​เขียว +7
203008	ธุลี​อิมพ์ ​ปศาจ​เขียว +8
203009	ธุลี​อิมพ์ ​ปศาจ​เขียว +9
203010	ธุลี​อิมพ์ ​ปศาจ​เขียว +10
204000	รา​ติ​น่า​สี​เงิน
204001	รา​ติ​น่า​สี​เงิน +1
204002	รา​ติ​น่า​สี​เงิน +2
204003	รา​ติ​น่า​สี​เงิน +3
204004	รา​ติ​น่า​สี​เงิน +4
204005	รา​ติ​น่า​สี​เงิน +5
204006	รา​ติ​น่า​สี​เงิน +6
204007	รา​ติ​น่า​สี​เงิน +7
204008	รา​ติ​น่า​สี​เงิน +8
204009	รา​ติ​น่า​สี​เงิน +9
204010	รา​ติ​น่า​สี​เงิน +10
205000	ธุลี​ของ​ชน​เผ่า​เร่ร่อน
205001	ธุลี​ของ​ชน​เผ่า​เร่ร่อน +1
205002	ธุลี​ของ​ชน​เผ่า​เร่ร่อน +2
205003	ธุลี​ของ​ชน​เผ่า​เร่ร่อน +3
205004	ธุลี​ของ​ชน​เผ่า​เร่ร่อน +4
205005	ธุลี​ของ​ชน​เผ่า​เร่ร่อน +5
205006	ธุลี​ของ​ชน​เผ่า​เร่ร่อน +6
205007	ธุลี​ของ​ชน​เผ่า​เร่ร่อน +7
205008	ธุลี​ของ​ชน​เผ่า​เร่ร่อน +8
205009	ธุลี​ของ​ชน​เผ่า​เร่ร่อน +9
205010	ธุลี​ของ​ชน​เผ่า​เร่ร่อน +10
206000	หญิง​ร่าง​ทรง​รัตติกาล​กับ​หุ่น​เชิด​นัก​ดาบ
206001	หญิง​ร่าง​ทรง​รัตติกาล​กับ​หุ่น​เชิด​นัก​ดาบ +1
206002	หญิง​ร่าง​ทรง​รัตติกาล​กับ​หุ่น​เชิด​นัก​ดาบ +2
206003	หญิง​ร่าง​ทรง​รัตติกาล​กับ​หุ่น​เชิด​นัก​ดาบ +3
206004	หญิง​ร่าง​ทรง​รัตติกาล​กับ​หุ่น​เชิด​นัก​ดาบ +4
206005	หญิง​ร่าง​ทรง​รัตติกาล​กับ​หุ่น​เชิด​นัก​ดาบ +5
206006	หญิง​ร่าง​ทรง​รัตติกาล​กับ​หุ่น​เชิด​นัก​ดาบ +6
206007	หญิง​ร่าง​ทรง​รัตติกาล​กับ​หุ่น​เชิด​นัก​ดาบ +7
206008	หญิง​ร่าง​ทรง​รัตติกาล​กับ​หุ่น​เชิด​นัก​ดาบ +8
206009	หญิง​ร่าง​ทรง​รัตติกาล​กับ​หุ่น​เชิด​นัก​ดาบ +9
206010	หญิง​ร่าง​ทรง​รัตติกาล​กับ​หุ่น​เชิด​นัก​ดาบ +10
207000	ธุลี​หยาด​ร่าง​ลอก​แบบ
207001	ธุลี​หยาด​ร่าง​ลอก​แบบ +1
207002	ธุลี​หยาด​ร่าง​ลอก​แบบ +2
207003	ธุลี​หยาด​ร่าง​ลอก​แบบ +3
207004	ธุลี​หยาด​ร่าง​ลอก​แบบ +4
207005	ธุลี​หยาด​ร่าง​ลอก​แบบ +5
207006	ธุลี​หยาด​ร่าง​ลอก​แบบ +6
207007	ธุลี​หยาด​ร่าง​ลอก​แบบ +7
207008	ธุลี​หยาด​ร่าง​ลอก​แบบ +8
207009	ธุลี​หยาด​ร่าง​ลอก​แบบ +9
207010	ธุลี​หยาด​ร่าง​ลอก​แบบ +10
208000	ธุลี​มนุษย์​ผลึก​แก้ว
208001	ธุลี​มนุษย์​ผลึก​แก้ว +1
208002	ธุลี​มนุษย์​ผลึก​แก้ว +2
208003	ธุลี​มนุษย์​ผลึก​แก้ว +3
208004	ธุลี​มนุษย์​ผลึก​แก้ว +4
208005	ธุลี​มนุษย์​ผลึก​แก้ว +5
208006	ธุลี​มนุษย์​ผลึก​แก้ว +6
208007	ธุลี​มนุษย์​ผลึก​แก้ว +7
208008	ธุลี​มนุษย์​ผลึก​แก้ว +8
208009	ธุลี​มนุษย์​ผลึก​แก้ว +9
208010	ธุลี​มนุษย์​ผลึก​แก้ว +10
209000	ธุลี​ชน​เผ่า​ภูต​บรรพบุรุษ
209001	ธุลี​ชน​เผ่า​ภูต​บรรพบุรุษ +1
209002	ธุลี​ชน​เผ่า​ภูต​บรรพบุรุษ +2
209003	ธุลี​ชน​เผ่า​ภูต​บรรพบุรุษ +3
209004	ธุลี​ชน​เผ่า​ภูต​บรรพบุรุษ +4
209005	ธุลี​ชน​เผ่า​ภูต​บรรพบุรุษ +5
209006	ธุลี​ชน​เผ่า​ภูต​บรรพบุรุษ +6
209007	ธุลี​ชน​เผ่า​ภูต​บรรพบุรุษ +7
209008	ธุลี​ชน​เผ่า​ภูต​บรรพบุรุษ +8
209009	ธุลี​ชน​เผ่า​ภูต​บรรพบุรุษ +9
209010	ธุลี​ชน​เผ่า​ภูต​บรรพบุรุษ +10
210000	ธุลี​ลูกผสม​ปก
210001	ธุลี​ลูกผสม​ปก +1
210002	ธุลี​ลูกผสม​ปก +2
210003	ธุลี​ลูกผสม​ปก +3
210004	ธุลี​ลูกผสม​ปก +4
210005	ธุลี​ลูกผสม​ปก +5
210006	ธุลี​ลูกผสม​ปก +6
210007	ธุลี​ลูกผสม​ปก +7
210008	ธุลี​ลูกผสม​ปก +8
210009	ธุลี​ลูกผสม​ปก +9
210010	ธุลี​ลูกผสม​ปก +10
211000	ธุลี​มนุษย์​เงิน
211001	ธุลี​มนุษย์​เงิน +1
211002	ธุลี​มนุษย์​เงิน +2
211003	ธุลี​มนุษย์​เงิน +3
211004	ธุลี​มนุษย์​เงิน +4
211005	ธุลี​มนุษย์​เงิน +5
211006	ธุลี​มนุษย์​เงิน +6
211007	ธุลี​มนุษย์​เงิน +7
211008	ธุลี​มนุษย์​เงิน +8
211009	ธุลี​มนุษย์​เงิน +9
211010	ธุลี​มนุษย์​เงิน +10
212000	ธุลี​โครง​กระดูก​ทหาร​เกณฑ์
212001	ธุลี​โครง​กระดูก​ทหาร​เกณฑ์ +1
212002	ธุลี​โครง​กระดูก​ทหาร​เกณฑ์ +2
212003	ธุลี​โครง​กระดูก​ทหาร​เกณฑ์ +3
212004	ธุลี​โครง​กระดูก​ทหาร​เกณฑ์ +4
212005	ธุลี​โครง​กระดูก​ทหาร​เกณฑ์ +5
212006	ธุลี​โครง​กระดูก​ทหาร​เกณฑ์ +6
212007	ธุลี​โครง​กระดูก​ทหาร​เกณฑ์ +7
212008	ธุลี​โครง​กระดูก​ทหาร​เกณฑ์ +8
212009	ธุลี​โครง​กระดูก​ทหาร​เกณฑ์ +9
212010	ธุลี​โครง​กระดูก​ทหาร​เกณฑ์ +10
213000	ธุลี​โครง​กระดูก​โจร​ภูเขา
213001	ธุลี​โครง​กระดูก​โจร​ภูเขา +1
213002	ธุลี​โครง​กระดูก​โจร​ภูเขา +2
213003	ธุลี​โครง​กระดูก​โจร​ภูเขา +3
213004	ธุลี​โครง​กระดูก​โจร​ภูเขา +4
213005	ธุลี​โครง​กระดูก​โจร​ภูเขา +5
213006	ธุลี​โครง​กระดูก​โจร​ภูเขา +6
213007	ธุลี​โครง​กระดูก​โจร​ภูเขา +7
213008	ธุลี​โครง​กระดูก​โจร​ภูเขา +8
213009	ธุลี​โครง​กระดูก​โจร​ภูเขา +9
213010	ธุลี​โครง​กระดูก​โจร​ภูเขา +10
214000	ธุลี​เหล่า​ผู้​ส่ง​สาร​เทพพยากรณ์
214001	ธุลี​เหล่า​ผู้​ส่ง​สาร​เทพพยากรณ์ +1
214002	ธุลี​เหล่า​ผู้​ส่ง​สาร​เทพพยากรณ์ +2
214003	ธุลี​เหล่า​ผู้​ส่ง​สาร​เทพพยากรณ์ +3
214004	ธุลี​เหล่า​ผู้​ส่ง​สาร​เทพพยากรณ์ +4
214005	ธุลี​เหล่า​ผู้​ส่ง​สาร​เทพพยากรณ์ +5
214006	ธุลี​เหล่า​ผู้​ส่ง​สาร​เทพพยากรณ์ +6
214007	ธุลี​เหล่า​ผู้​ส่ง​สาร​เทพพยากรณ์ +7
214008	ธุลี​เหล่า​ผู้​ส่ง​สาร​เทพพยากรณ์ +8
214009	ธุลี​เหล่า​ผู้​ส่ง​สาร​เทพพยากรณ์ +9
214010	ธุลี​เหล่า​ผู้​ส่ง​สาร​เทพพยากรณ์ +10
215000	ธุลี​ผู้​วาย​ชนม์​เน่า​หนอน
215001	ธุลี​ผู้​วาย​ชนม์​เน่า​หนอน +1
215002	ธุลี​ผู้​วาย​ชนม์​เน่า​หนอน +2
215003	ธุลี​ผู้​วาย​ชนม์​เน่า​หนอน +3
215004	ธุลี​ผู้​วาย​ชนม์​เน่า​หนอน +4
215005	ธุลี​ผู้​วาย​ชนม์​เน่า​หนอน +5
215006	ธุลี​ผู้​วาย​ชนม์​เน่า​หนอน +6
215007	ธุลี​ผู้​วาย​ชนม์​เน่า​หนอน +7
215008	ธุลี​ผู้​วาย​ชนม์​เน่า​หนอน +8
215009	ธุลี​ผู้​วาย​ชนม์​เน่า​หนอน +9
215010	ธุลี​ผู้​วาย​ชนม์​เน่า​หนอน +10
216000	คาร์​มาน ​สุ​คนธ​จาร​ย์​เสือมทราม
216001	คาร์​มาน ​สุ​คนธ​จาร​ย์​เสือมทราม +1
216002	คาร์​มาน ​สุ​คนธ​จาร​ย์​เสือมทราม +2
216003	คาร์​มาน ​สุ​คนธ​จาร​ย์​เสือมทราม +3
216004	คาร์​มาน ​สุ​คนธ​จาร​ย์​เสือมทราม +4
216005	คาร์​มาน ​สุ​คนธ​จาร​ย์​เสือมทราม +5
216006	คาร์​มาน ​สุ​คนธ​จาร​ย์​เสือมทราม +6
216007	คาร์​มาน ​สุ​คนธ​จาร​ย์​เสือมทราม +7
216008	คาร์​มาน ​สุ​คนธ​จาร​ย์​เสือมทราม +8
216009	คาร์​มาน ​สุ​คนธ​จาร​ย์​เสือมทราม +9
216010	คาร์​มาน ​สุ​คนธ​จาร​ย์​เสือมทราม +10
217000	ทรี​ชา ​สุ​คนธ​จาร​ย์
217001	ทรี​ชา ​สุ​คนธ​จาร​ย์ +1
217002	ทรี​ชา ​สุ​คนธ​จาร​ย์ +2
217003	ทรี​ชา ​สุ​คนธ​จาร​ย์ +3
217004	ทรี​ชา ​สุ​คนธ​จาร​ย์ +4
217005	ทรี​ชา ​สุ​คนธ​จาร​ย์ +5
217006	ทรี​ชา ​สุ​คนธ​จาร​ย์ +6
217007	ทรี​ชา ​สุ​คนธ​จาร​ย์ +7
217008	ทรี​ชา ​สุ​คนธ​จาร​ย์ +8
217009	ทรี​ชา ​สุ​คนธ​จาร​ย์ +9
217010	ทรี​ชา ​สุ​คนธ​จาร​ย์ +10
218000	ธุลี​จอม​เวท​หิน​จรัส
218001	ธุลี​จอม​เวท​หิน​จรัส +1
218002	ธุลี​จอม​เวท​หิน​จรัส +2
218003	ธุลี​จอม​เวท​หิน​จรัส +3
218004	ธุลี​จอม​เวท​หิน​จรัส +4
218005	ธุลี​จอม​เวท​หิน​จรัส +5
218006	ธุลี​จอม​เวท​หิน​จรัส +6
218007	ธุลี​จอม​เวท​หิน​จรัส +7
218008	ธุลี​จอม​เวท​หิน​จรัส +8
218009	ธุลี​จอม​เวท​หิน​จรัส +9
218010	ธุลี​จอม​เวท​หิน​จรัส +10
219000	ธุลี​แฝด​ปราชญ์​จอม​เวท
219001	ธุลี​แฝด​ปราชญ์​จอม​เวท +1
219002	ธุลี​แฝด​ปราชญ์​จอม​เวท +2
219003	ธุลี​แฝด​ปราชญ์​จอม​เวท +3
219004	ธุลี​แฝด​ปราชญ์​จอม​เวท +4
219005	ธุลี​แฝด​ปราชญ์​จอม​เวท +5
219006	ธุลี​แฝด​ปราชญ์​จอม​เวท +6
219007	ธุลี​แฝด​ปราชญ์​จอม​เวท +7
219008	ธุลี​แฝด​ปราชญ์​จอม​เวท +8
219009	ธุลี​แฝด​ปราชญ์​จอม​เวท +9
219010	ธุลี​แฝด​ปราชญ์​จอม​เวท +10
220000	ธุลี​เด็ก​รับ​ใช้
220001	ธุลี​เด็ก​รับ​ใช้ +1
220002	ธุลี​เด็ก​รับ​ใช้ +2
220003	ธุลี​เด็ก​รับ​ใช้ +3
220004	ธุลี​เด็ก​รับ​ใช้ +4
220005	ธุลี​เด็ก​รับ​ใช้ +5
220006	ธุลี​เด็ก​รับ​ใช้ +6
220007	ธุลี​เด็ก​รับ​ใช้ +7
220008	ธุลี​เด็ก​รับ​ใช้ +8
220009	ธุลี​เด็ก​รับ​ใช้ +9
220010	ธุลี​เด็ก​รับ​ใช้ +10
221000	ยูค ​จอม​เวท​สงคราม
221001	ยูค ​จอม​เวท​สงคราม +1
221002	ยูค ​จอม​เวท​สงคราม +2
221003	ยูค ​จอม​เวท​สงคราม +3
221004	ยูค ​จอม​เวท​สงคราม +4
221005	ยูค ​จอม​เวท​สงคราม +5
221006	ยูค ​จอม​เวท​สงคราม +6
221007	ยูค ​จอม​เวท​สงคราม +7
221008	ยูค ​จอม​เวท​สงคราม +8
221009	ยูค ​จอม​เวท​สงคราม +9
221010	ยูค ​จอม​เวท​สงคราม +10
222000	ธุลี​มนุษย์​โคลน
222001	ธุลี​มนุษย์​โคลน +1
222002	ธุลี​มนุษย์​โคลน +2
222003	ธุลี​มนุษย์​โคลน +3
222004	ธุลี​มนุษย์​โคลน +4
222005	ธุลี​มนุษย์​โคลน +5
222006	ธุลี​มนุษย์​โคลน +6
222007	ธุลี​มนุษย์​โคลน +7
222008	ธุลี​มนุษย์​โคลน +8
222009	ธุลี​มนุษย์​โคลน +9
222010	ธุลี​มนุษย์​โคลน +10
223000	ฟนเรย์ ​อัศวิน​แห่ง​ความ​เน่า​เปอย​อัน​สูง​ศักดิ
223001	ฟนเรย์ ​อัศวิน​แห่ง​ความ​เน่า​เปอย​อัน​สูง​ศักดิ +1
223002	ฟนเรย์ ​อัศวิน​แห่ง​ความ​เน่า​เปอย​อัน​สูง​ศักดิ +2
223003	ฟนเรย์ ​อัศวิน​แห่ง​ความ​เน่า​เปอย​อัน​สูง​ศักดิ +3
223004	ฟนเรย์ ​อัศวิน​แห่ง​ความ​เน่า​เปอย​อัน​สูง​ศักดิ +4
223005	ฟนเรย์ ​อัศวิน​แห่ง​ความ​เน่า​เปอย​อัน​สูง​ศักดิ +5
223006	ฟนเรย์ ​อัศวิน​แห่ง​ความ​เน่า​เปอย​อัน​สูง​ศักดิ +6
223007	ฟนเรย์ ​อัศวิน​แห่ง​ความ​เน่า​เปอย​อัน​สูง​ศักดิ +7
223008	ฟนเรย์ ​อัศวิน​แห่ง​ความ​เน่า​เปอย​อัน​สูง​ศักดิ +8
223009	ฟนเรย์ ​อัศวิน​แห่ง​ความ​เน่า​เปอย​อัน​สูง​ศักดิ +9
223010	ฟนเรย์ ​อัศวิน​แห่ง​ความ​เน่า​เปอย​อัน​สูง​ศักดิ +10
224000	ธุลี​วงศา​เสือม​สลาย
224001	ธุลี​วงศา​เสือม​สลาย +1
224002	ธุลี​วงศา​เสือม​สลาย +2
224003	ธุลี​วงศา​เสือม​สลาย +3
224004	ธุลี​วงศา​เสือม​สลาย +4
224005	ธุลี​วงศา​เสือม​สลาย +5
224006	ธุลี​วงศา​เสือม​สลาย +6
224007	ธุลี​วงศา​เสือม​สลาย +7
224008	ธุลี​วงศา​เสือม​สลาย +8
224009	ธุลี​วงศา​เสือม​สลาย +9
224010	ธุลี​วงศา​เสือม​สลาย +10
225000	ธุลี​ทหาร​หุ่น​เชิด
225001	ธุลี​ทหาร​หุ่น​เชิด +1
225002	ธุลี​ทหาร​หุ่น​เชิด +2
225003	ธุลี​ทหาร​หุ่น​เชิด +3
225004	ธุลี​ทหาร​หุ่น​เชิด +4
225005	ธุลี​ทหาร​หุ่น​เชิด +5
225006	ธุลี​ทหาร​หุ่น​เชิด +6
225007	ธุลี​ทหาร​หุ่น​เชิด +7
225008	ธุลี​ทหาร​หุ่น​เชิด +8
225009	ธุลี​ทหาร​หุ่น​เชิด +9
225010	ธุลี​ทหาร​หุ่น​เชิด +10
226000	ธุลี​ทหาร​หุ่น​เชิด​กษา
226001	ธุลี​ทหาร​หุ่น​เชิด​กษา +1
226002	ธุลี​ทหาร​หุ่น​เชิด​กษา +2
226003	ธุลี​ทหาร​หุ่น​เชิด​กษา +3
226004	ธุลี​ทหาร​หุ่น​เชิด​กษา +4
226005	ธุลี​ทหาร​หุ่น​เชิด​กษา +5
226006	ธุลี​ทหาร​หุ่น​เชิด​กษา +6
226007	ธุลี​ทหาร​หุ่น​เชิด​กษา +7
226008	ธุลี​ทหาร​หุ่น​เชิด​กษา +8
226009	ธุลี​ทหาร​หุ่น​เชิด​กษา +9
226010	ธุลี​ทหาร​หุ่น​เชิด​กษา +10
227000	ธุลี​ทหาร​นักบวช​เพลิง
227001	ธุลี​ทหาร​นักบวช​เพลิง +1
227002	ธุลี​ทหาร​นักบวช​เพลิง +2
227003	ธุลี​ทหาร​นักบวช​เพลิง +3
227004	ธุลี​ทหาร​นักบวช​เพลิง +4
227005	ธุลี​ทหาร​นักบวช​เพลิง +5
227006	ธุลี​ทหาร​นักบวช​เพลิง +6
227007	ธุลี​ทหาร​นักบวช​เพลิง +7
227008	ธุลี​ทหาร​นักบวช​เพลิง +8
227009	ธุลี​ทหาร​นักบวช​เพลิง +9
227010	ธุลี​ทหาร​นักบวช​เพลิง +10
228000	อา​มอน ​ทหาร​นักบวช​เพลิง​ทมิฬ
228001	อา​มอน ​ทหาร​นักบวช​เพลิง​ทมิฬ +1
228002	อา​มอน ​ทหาร​นักบวช​เพลิง​ทมิฬ +2
228003	อา​มอน ​ทหาร​นักบวช​เพลิง​ทมิฬ +3
228004	อา​มอน ​ทหาร​นักบวช​เพลิง​ทมิฬ +4
228005	อา​มอน ​ทหาร​นักบวช​เพลิง​ทมิฬ +5
228006	อา​มอน ​ทหาร​นักบวช​เพลิง​ทมิฬ +6
228007	อา​มอน ​ทหาร​นักบวช​เพลิง​ทมิฬ +7
228008	อา​มอน ​ทหาร​นักบวช​เพลิง​ทมิฬ +8
228009	อา​มอน ​ทหาร​นักบวช​เพลิง​ทมิฬ +9
228010	อา​มอน ​ทหาร​นักบวช​เพลิง​ทมิฬ +10
229000	ธุลี​มนุษย์​อสรพิษ
229001	ธุลี​มนุษย์​อสรพิษ +1
229002	ธุลี​มนุษย์​อสรพิษ +2
229003	ธุลี​มนุษย์​อสรพิษ +3
229004	ธุลี​มนุษย์​อสรพิษ +4
229005	ธุลี​มนุษย์​อสรพิษ +5
229006	ธุลี​มนุษย์​อสรพิษ +6
229007	ธุลี​มนุษย์​อสรพิษ +7
229008	ธุลี​มนุษย์​อสรพิษ +8
229009	ธุลี​มนุษย์​อสรพิษ +9
229010	ธุลี​มนุษย์​อสรพิษ +10
230000	ธุลี​มนุษย์​อสูร​แห่ง​อสุ​รา
230001	ธุลี​มนุษย์​อสูร​แห่ง​อสุ​รา +1
230002	ธุลี​มนุษย์​อสูร​แห่ง​อสุ​รา +2
230003	ธุลี​มนุษย์​อสูร​แห่ง​อสุ​รา +3
230004	ธุลี​มนุษย์​อสูร​แห่ง​อสุ​รา +4
230005	ธุลี​มนุษย์​อสูร​แห่ง​อสุ​รา +5
230006	ธุลี​มนุษย์​อสูร​แห่ง​อสุ​รา +6
230007	ธุลี​มนุษย์​อสูร​แห่ง​อสุ​รา +7
230008	ธุลี​มนุษย์​อสูร​แห่ง​อสุ​รา +8
230009	ธุลี​มนุษย์​อสูร​แห่ง​อสุ​รา +9
230010	ธุลี​มนุษย์​อสูร​แห่ง​อสุ​รา +10
231000	ธุลี​ทหาร​รับ​จ้าง​ไค​เด็น
231001	ธุลี​ทหาร​รับ​จ้าง​ไค​เด็น +1
231002	ธุลี​ทหาร​รับ​จ้าง​ไค​เด็น +2
231003	ธุลี​ทหาร​รับ​จ้าง​ไค​เด็น +3
231004	ธุลี​ทหาร​รับ​จ้าง​ไค​เด็น +4
231005	ธุลี​ทหาร​รับ​จ้าง​ไค​เด็น +5
231006	ธุลี​ทหาร​รับ​จ้าง​ไค​เด็น +6
231007	ธุลี​ทหาร​รับ​จ้าง​ไค​เด็น +7
231008	ธุลี​ทหาร​รับ​จ้าง​ไค​เด็น +8
231009	ธุลี​ทหาร​รับ​จ้าง​ไค​เด็น +9
231010	ธุลี​ทหาร​รับ​จ้าง​ไค​เด็น +10
232000	ธุลี​หมาปา​หลง​ฝูง
232001	ธุลี​หมาปา​หลง​ฝูง +1
232002	ธุลี​หมาปา​หลง​ฝูง +2
232003	ธุลี​หมาปา​หลง​ฝูง +3
232004	ธุลี​หมาปา​หลง​ฝูง +4
232005	ธุลี​หมาปา​หลง​ฝูง +5
232006	ธุลี​หมาปา​หลง​ฝูง +6
232007	ธุลี​หมาปา​หลง​ฝูง +7
232008	ธุลี​หมาปา​หลง​ฝูง +8
232009	ธุลี​หมาปา​หลง​ฝูง +9
232010	ธุลี​หมาปา​หลง​ฝูง +10
233000	ธุลี​หนู​ยักษ์
233001	ธุลี​หนู​ยักษ์ +1
233002	ธุลี​หนู​ยักษ์ +2
233003	ธุลี​หนู​ยักษ์ +3
233004	ธุลี​หนู​ยักษ์ +4
233005	ธุลี​หนู​ยักษ์ +5
233006	ธุลี​หนู​ยักษ์ +6
233007	ธุลี​หนู​ยักษ์ +7
233008	ธุลี​หนู​ยักษ์ +8
233009	ธุลี​หนู​ยักษ์ +9
233010	ธุลี​หนู​ยักษ์ +10
234000	ธุลี​เหล่า​อมนุษย์
234001	ธุลี​เหล่า​อมนุษย์ +1
234002	ธุลี​เหล่า​อมนุษย์ +2
234003	ธุลี​เหล่า​อมนุษย์ +3
234004	ธุลี​เหล่า​อมนุษย์ +4
234005	ธุลี​เหล่า​อมนุษย์ +5
234006	ธุลี​เหล่า​อมนุษย์ +6
234007	ธุลี​เหล่า​อมนุษย์ +7
234008	ธุลี​เหล่า​อมนุษย์ +8
234009	ธุลี​เหล่า​อมนุษย์ +9
234010	ธุลี​เหล่า​อมนุษย์ +10
235000	ธุลี​สุนัข​พเนจร​เน่า​หนอน
235001	ธุลี​สุนัข​พเนจร​เน่า​หนอน +1
235002	ธุลี​สุนัข​พเนจร​เน่า​หนอน +2
235003	ธุลี​สุนัข​พเนจร​เน่า​หนอน +3
235004	ธุลี​สุนัข​พเนจร​เน่า​หนอน +4
235005	ธุลี​สุนัข​พเนจร​เน่า​หนอน +5
235006	ธุลี​สุนัข​พเนจร​เน่า​หนอน +6
235007	ธุลี​สุนัข​พเนจร​เน่า​หนอน +7
235008	ธุลี​สุนัข​พเนจร​เน่า​หนอน +8
235009	ธุลี​สุนัข​พเนจร​เน่า​หนอน +9
235010	ธุลี​สุนัข​พเนจร​เน่า​หนอน +10
236000	ธุลี​วิญญาณ​แมงกะพรุน
236001	ธุลี​วิญญาณ​แมงกะพรุน +1
236002	ธุลี​วิญญาณ​แมงกะพรุน +2
236003	ธุลี​วิญญาณ​แมงกะพรุน +3
236004	ธุลี​วิญญาณ​แมงกะพรุน +4
236005	ธุลี​วิญญาณ​แมงกะพรุน +5
236006	ธุลี​วิญญาณ​แมงกะพรุน +6
236007	ธุลี​วิญญาณ​แมงกะพรุน +7
236008	ธุลี​วิญญาณ​แมงกะพรุน +8
236009	ธุลี​วิญญาณ​แมงกะพรุน +9
236010	ธุลี​วิญญาณ​แมงกะพรุน +10
237000	ธุลี​เหยียว​สงคราม
237001	ธุลี​เหยียว​สงคราม +1
237002	ธุลี​เหยียว​สงคราม +2
237003	ธุลี​เหยียว​สงคราม +3
237004	ธุลี​เหยียว​สงคราม +4
237005	ธุลี​เหยียว​สงคราม +5
237006	ธุลี​เหยียว​สงคราม +6
237007	ธุลี​เหยียว​สงคราม +7
237008	ธุลี​เหยียว​สงคราม +8
237009	ธุลี​เหยียว​สงคราม +9
237010	ธุลี​เหยียว​สงคราม +10
238000	เหยียว​วายุ ​ดี​เน่
238001	เหยียว​วายุ ​ดี​เน่ +1
238002	เหยียว​วายุ ​ดี​เน่ +2
238003	เหยียว​วายุ ​ดี​เน่ +3
238004	เหยียว​วายุ ​ดี​เน่ +4
238005	เหยียว​วายุ ​ดี​เน่ +5
238006	เหยียว​วายุ ​ดี​เน่ +6
238007	เหยียว​วายุ ​ดี​เน่ +7
238008	เหยียว​วายุ ​ดี​เน่ +8
238009	เหยียว​วายุ ​ดี​เน่ +9
238010	เหยียว​วายุ ​ดี​เน่ +10
239000	โฟลว์ ​อัศวิน​สุนัข​ล่า​เนือ
239001	โฟลว์ ​อัศวิน​สุนัข​ล่า​เนือ +1
239002	โฟลว์ ​อัศวิน​สุนัข​ล่า​เนือ +2
239003	โฟลว์ ​อัศวิน​สุนัข​ล่า​เนือ +3
239004	โฟลว์ ​อัศวิน​สุนัข​ล่า​เนือ +4
239005	โฟลว์ ​อัศวิน​สุนัข​ล่า​เนือ +5
239006	โฟลว์ ​อัศวิน​สุนัข​ล่า​เนือ +6
239007	โฟลว์ ​อัศวิน​สุนัข​ล่า​เนือ +7
239008	โฟลว์ ​อัศวิน​สุนัข​ล่า​เนือ +8
239009	โฟลว์ ​อัศวิน​สุนัข​ล่า​เนือ +9
239010	โฟลว์ ​อัศวิน​สุนัข​ล่า​เนือ +10
240000	ธุลี​ขุนนาง​พเนจร
240001	ธุลี​ขุนนาง​พเนจร +1
240002	ธุลี​ขุนนาง​พเนจร +2
240003	ธุลี​ขุนนาง​พเนจร +3
240004	ธุลี​ขุนนาง​พเนจร +4
240005	ธุลี​ขุนนาง​พเนจร +5
240006	ธุลี​ขุนนาง​พเนจร +6
240007	ธุลี​ขุนนาง​พเนจร +7
240008	ธุลี​ขุนนาง​พเนจร +8
240009	ธุลี​ขุนนาง​พเนจร +9
240010	ธุลี​ขุนนาง​พเนจร +10
241000	ธุลี​ขุนนาง​จอม​เวท
241001	ธุลี​ขุนนาง​จอม​เวท +1
241002	ธุลี​ขุนนาง​จอม​เวท +2
241003	ธุลี​ขุนนาง​จอม​เวท +3
241004	ธุลี​ขุนนาง​จอม​เวท +4
241005	ธุลี​ขุนนาง​จอม​เวท +5
241006	ธุลี​ขุนนาง​จอม​เวท +6
241007	ธุลี​ขุนนาง​จอม​เวท +7
241008	ธุลี​ขุนนาง​จอม​เวท +8
241009	ธุลี​ขุนนาง​จอม​เวท +9
241010	ธุลี​ขุนนาง​จอม​เวท +10
242000	ธุลี​ทหาร​เลว
242001	ธุลี​ทหาร​เลว +1
242002	ธุลี​ทหาร​เลว +2
242003	ธุลี​ทหาร​เลว +3
242004	ธุลี​ทหาร​เลว +4
242005	ธุลี​ทหาร​เลว +5
242006	ธุลี​ทหาร​เลว +6
242007	ธุลี​ทหาร​เลว +7
242008	ธุลี​ทหาร​เลว +8
242009	ธุลี​ทหาร​เลว +9
242010	ธุลี​ทหาร​เลว +10
243000	ธุลี​ทหาร​คลัง​กทอง
243001	ธุลี​ทหาร​คลัง​กทอง +1
243002	ธุลี​ทหาร​คลัง​กทอง +2
243003	ธุลี​ทหาร​คลัง​กทอง +3
243004	ธุลี​ทหาร​คลัง​กทอง +4
243005	ธุลี​ทหาร​คลัง​กทอง +5
243006	ธุลี​ทหาร​คลัง​กทอง +6
243007	ธุลี​ทหาร​คลัง​กทอง +7
243008	ธุลี​ทหาร​คลัง​กทอง +8
243009	ธุลี​ทหาร​คลัง​กทอง +9
243010	ธุลี​ทหาร​คลัง​กทอง +10
244000	ธุลี​เพรียง​บก
244001	ธุลี​เพรียง​บก +1
244002	ธุลี​เพรียง​บก +2
244003	ธุลี​เพรียง​บก +3
244004	ธุลี​เพรียง​บก +4
244005	ธุลี​เพรียง​บก +5
244006	ธุลี​เพรียง​บก +6
244007	ธุลี​เพรียง​บก +7
244008	ธุลี​เพรียง​บก +8
244009	ธุลี​เพรียง​บก +9
244010	ธุลี​เพรียง​บก +10
245000	ธุลี​มิ​รัน​ดา​น้อย
245001	ธุลี​มิ​รัน​ดา​น้อย +1
245002	ธุลี​มิ​รัน​ดา​น้อย +2
245003	ธุลี​มิ​รัน​ดา​น้อย +3
245004	ธุลี​มิ​รัน​ดา​น้อย +4
245005	ธุลี​มิ​รัน​ดา​น้อย +5
245006	ธุลี​มิ​รัน​ดา​น้อย +6
245007	ธุลี​มิ​รัน​ดา​น้อย +7
245008	ธุลี​มิ​รัน​ดา​น้อย +8
245009	ธุลี​มิ​รัน​ดา​น้อย +9
245010	ธุลี​มิ​รัน​ดา​น้อย +10
246000	ธุลี​เหล่า​บุรุษ​จู่โจม​พิเศษ
246001	ธุลี​เหล่า​บุรุษ​จู่โจม​พิเศษ +1
246002	ธุลี​เหล่า​บุรุษ​จู่โจม​พิเศษ +2
246003	ธุลี​เหล่า​บุรุษ​จู่โจม​พิเศษ +3
246004	ธุลี​เหล่า​บุรุษ​จู่โจม​พิเศษ +4
246005	ธุลี​เหล่า​บุรุษ​จู่โจม​พิเศษ +5
246006	ธุลี​เหล่า​บุรุษ​จู่โจม​พิเศษ +6
246007	ธุลี​เหล่า​บุรุษ​จู่โจม​พิเศษ +7
246008	ธุลี​เหล่า​บุรุษ​จู่โจม​พิเศษ +8
246009	ธุลี​เหล่า​บุรุษ​จู่โจม​พิเศษ +9
246010	ธุลี​เหล่า​บุรุษ​จู่โจม​พิเศษ +10
247000	โรล​โล่ ​จอม​ทุบ​ผู้​ต้อง​สาป
247001	โรล​โล่ ​จอม​ทุบ​ผู้​ต้อง​สาป +1
247002	โรล​โล่ ​จอม​ทุบ​ผู้​ต้อง​สาป +2
247003	โรล​โล่ ​จอม​ทุบ​ผู้​ต้อง​สาป +3
247004	โรล​โล่ ​จอม​ทุบ​ผู้​ต้อง​สาป +4
247005	โรล​โล่ ​จอม​ทุบ​ผู้​ต้อง​สาป +5
247006	โรล​โล่ ​จอม​ทุบ​ผู้​ต้อง​สาป +6
247007	โรล​โล่ ​จอม​ทุบ​ผู้​ต้อง​สาป +7
247008	โรล​โล่ ​จอม​ทุบ​ผู้​ต้อง​สาป +8
247009	โรล​โล่ ​จอม​ทุบ​ผู้​ต้อง​สาป +9
247010	โรล​โล่ ​จอม​ทุบ​ผู้​ต้อง​สาป +10
248000	ธุลี​ทหาร​โล่​ใหญ่
248001	ธุลี​ทหาร​โล่​ใหญ่ +1
248002	ธุลี​ทหาร​โล่​ใหญ่ +2
248003	ธุลี​ทหาร​โล่​ใหญ่ +3
248004	ธุลี​ทหาร​โล่​ใหญ่ +4
248005	ธุลี​ทหาร​โล่​ใหญ่ +5
248006	ธุลี​ทหาร​โล่​ใหญ่ +6
248007	ธุลี​ทหาร​โล่​ใหญ่ +7
248008	ธุลี​ทหาร​โล่​ใหญ่ +8
248009	ธุลี​ทหาร​โล่​ใหญ่ +9
248010	ธุลี​ทหาร​โล่​ใหญ่ +10
249000	ธุลี​พล​ธนู
249001	ธุลี​พล​ธนู +1
249002	ธุลี​พล​ธนู +2
249003	ธุลี​พล​ธนู +3
249004	ธุลี​พล​ธนู +4
249005	ธุลี​พล​ธนู +5
249006	ธุลี​พล​ธนู +6
249007	ธุลี​พล​ธนู +7
249008	ธุลี​พล​ธนู +8
249009	ธุลี​พล​ธนู +9
249010	ธุลี​พล​ธนู +10
250000	ธุลี​ทหาร​ก็​อด​ดริก
250001	ธุลี​ทหาร​ก็​อด​ดริก +1
250002	ธุลี​ทหาร​ก็​อด​ดริก +2
250003	ธุลี​ทหาร​ก็​อด​ดริก +3
250004	ธุลี​ทหาร​ก็​อด​ดริก +4
250005	ธุลี​ทหาร​ก็​อด​ดริก +5
250006	ธุลี​ทหาร​ก็​อด​ดริก +6
250007	ธุลี​ทหาร​ก็​อด​ดริก +7
250008	ธุลี​ทหาร​ก็​อด​ดริก +8
250009	ธุลี​ทหาร​ก็​อด​ดริก +9
250010	ธุลี​ทหาร​ก็​อด​ดริก +10
251000	ธุลี​ทหาร​เร​ยา ​ลู​คา​เรีย
251001	ธุลี​ทหาร​เร​ยา ​ลู​คา​เรีย +1
251002	ธุลี​ทหาร​เร​ยา ​ลู​คา​เรีย +2
251003	ธุลี​ทหาร​เร​ยา ​ลู​คา​เรีย +3
251004	ธุลี​ทหาร​เร​ยา ​ลู​คา​เรีย +4
251005	ธุลี​ทหาร​เร​ยา ​ลู​คา​เรีย +5
251006	ธุลี​ทหาร​เร​ยา ​ลู​คา​เรีย +6
251007	ธุลี​ทหาร​เร​ยา ​ลู​คา​เรีย +7
251008	ธุลี​ทหาร​เร​ยา ​ลู​คา​เรีย +8
251009	ธุลี​ทหาร​เร​ยา ​ลู​คา​เรีย +9
251010	ธุลี​ทหาร​เร​ยา ​ลู​คา​เรีย +10
252000	ธุลี​ทหาร​เลน​เดล
252001	ธุลี​ทหาร​เลน​เดล +1
252002	ธุลี​ทหาร​เลน​เดล +2
252003	ธุลี​ทหาร​เลน​เดล +3
252004	ธุลี​ทหาร​เลน​เดล +4
252005	ธุลี​ทหาร​เลน​เดล +5
252006	ธุลี​ทหาร​เลน​เดล +6
252007	ธุลี​ทหาร​เลน​เดล +7
252008	ธุลี​ทหาร​เลน​เดล +8
252009	ธุลี​ทหาร​เลน​เดล +9
252010	ธุลี​ทหาร​เลน​เดล +10
253000	ธุลี​ทหาร​รา​ดาห์น
253001	ธุลี​ทหาร​รา​ดาห์น +1
253002	ธุลี​ทหาร​รา​ดาห์น +2
253003	ธุลี​ทหาร​รา​ดาห์น +3
253004	ธุลี​ทหาร​รา​ดาห์น +4
253005	ธุลี​ทหาร​รา​ดาห์น +5
253006	ธุลี​ทหาร​รา​ดาห์น +6
253007	ธุลี​ทหาร​รา​ดาห์น +7
253008	ธุลี​ทหาร​รา​ดาห์น +8
253009	ธุลี​ทหาร​รา​ดาห์น +9
253010	ธุลี​ทหาร​รา​ดาห์น +10
254000	ธุลี​ทหาร​สุสาน
254001	ธุลี​ทหาร​สุสาน +1
254002	ธุลี​ทหาร​สุสาน +2
254003	ธุลี​ทหาร​สุสาน +3
254004	ธุลี​ทหาร​สุสาน +4
254005	ธุลี​ทหาร​สุสาน +5
254006	ธุลี​ทหาร​สุสาน +6
254007	ธุลี​ทหาร​สุสาน +7
254008	ธุลี​ทหาร​สุสาน +8
254009	ธุลี​ทหาร​สุสาน +9
254010	ธุลี​ทหาร​สุสาน +10
255000	ธุลี​ทหาร​พฤกษา​ศักดิสิทธิ
255001	ธุลี​ทหาร​พฤกษา​ศักดิสิทธิ +1
255002	ธุลี​ทหาร​พฤกษา​ศักดิสิทธิ +2
255003	ธุลี​ทหาร​พฤกษา​ศักดิสิทธิ +3
255004	ธุลี​ทหาร​พฤกษา​ศักดิสิทธิ +4
255005	ธุลี​ทหาร​พฤกษา​ศักดิสิทธิ +5
255006	ธุลี​ทหาร​พฤกษา​ศักดิสิทธิ +6
255007	ธุลี​ทหาร​พฤกษา​ศักดิสิทธิ +7
255008	ธุลี​ทหาร​พฤกษา​ศักดิสิทธิ +8
255009	ธุลี​ทหาร​พฤกษา​ศักดิสิทธิ +9
255010	ธุลี​ทหาร​พฤกษา​ศักดิสิทธิ +10
256000	ค​ริ​ส​ตอฟ ​อัศวิน​มังกร​โบราณ
256001	ค​ริ​ส​ตอฟ ​อัศวิน​มังกร​โบราณ +1
256002	ค​ริ​ส​ตอฟ ​อัศวิน​มังกร​โบราณ +2
256003	ค​ริ​ส​ตอฟ ​อัศวิน​มังกร​โบราณ +3
256004	ค​ริ​ส​ตอฟ ​อัศวิน​มังกร​โบราณ +4
256005	ค​ริ​ส​ตอฟ ​อัศวิน​มังกร​โบราณ +5
256006	ค​ริ​ส​ตอฟ ​อัศวิน​มังกร​โบราณ +6
256007	ค​ริ​ส​ตอฟ ​อัศวิน​มังกร​โบราณ +7
256008	ค​ริ​ส​ตอฟ ​อัศวิน​มังกร​โบราณ +8
256009	ค​ริ​ส​ตอฟ ​อัศวิน​มังกร​โบราณ +9
256010	ค​ริ​ส​ตอฟ ​อัศวิน​มังกร​โบราณ +10
257000	โอ​เกอร์ ​อัศวิน​ราชสีห์​แดง
257001	โอ​เกอร์ ​อัศวิน​ราชสีห์​แดง +1
257002	โอ​เกอร์ ​อัศวิน​ราชสีห์​แดง +2
257003	โอ​เกอร์ ​อัศวิน​ราชสีห์​แดง +3
257004	โอ​เกอร์ ​อัศวิน​ราชสีห์​แดง +4
257005	โอ​เกอร์ ​อัศวิน​ราชสีห์​แดง +5
257006	โอ​เกอร์ ​อัศวิน​ราชสีห์​แดง +6
257007	โอ​เกอร์ ​อัศวิน​ราชสีห์​แดง +7
257008	โอ​เกอร์ ​อัศวิน​ราชสีห์​แดง +8
257009	โอ​เกอร์ ​อัศวิน​ราชสีห์​แดง +9
257010	โอ​เกอร์ ​อัศวิน​ราชสีห์​แดง +10
258000	ลู​เทล ​อัศวิน​หัวขาด
258001	ลู​เทล ​อัศวิน​หัวขาด +1
258002	ลู​เทล ​อัศวิน​หัวขาด +2
258003	ลู​เทล ​อัศวิน​หัวขาด +3
258004	ลู​เทล ​อัศวิน​หัวขาด +4
258005	ลู​เทล ​อัศวิน​หัวขาด +5
258006	ลู​เทล ​อัศวิน​หัวขาด +6
258007	ลู​เทล ​อัศวิน​หัวขาด +7
258008	ลู​เทล ​อัศวิน​หัวขาด +8
258009	ลู​เทล ​อัศวิน​หัวขาด +9
258010	ลู​เทล ​อัศวิน​หัวขาด +10
259000	หุ่น​เชิด​เน​เฟลี ​รูส์
259001	หุ่น​เชิด​เน​เฟลี ​รูส์ +1
259002	หุ่น​เชิด​เน​เฟลี ​รูส์ +2
259003	หุ่น​เชิด​เน​เฟลี ​รูส์ +3
259004	หุ่น​เชิด​เน​เฟลี ​รูส์ +4
259005	หุ่น​เชิด​เน​เฟลี ​รูส์ +5
259006	หุ่น​เชิด​เน​เฟลี ​รูส์ +6
259007	หุ่น​เชิด​เน​เฟลี ​รูส์ +7
259008	หุ่น​เชิด​เน​เฟลี ​รูส์ +8
259009	หุ่น​เชิด​เน​เฟลี ​รูส์ +9
259010	หุ่น​เชิด​เน​เฟลี ​รูส์ +10
260000	หุ่น​เชิด​ผู้​เสพ​อาจม
260001	หุ่น​เชิด​ผู้​เสพ​อาจม +1
260002	หุ่น​เชิด​ผู้​เสพ​อาจม +2
260003	หุ่น​เชิด​ผู้​เสพ​อาจม +3
260004	หุ่น​เชิด​ผู้​เสพ​อาจม +4
260005	หุ่น​เชิด​ผู้​เสพ​อาจม +5
260006	หุ่น​เชิด​ผู้​เสพ​อาจม +6
260007	หุ่น​เชิด​ผู้​เสพ​อาจม +7
260008	หุ่น​เชิด​ผู้​เสพ​อาจม +8
260009	หุ่น​เชิด​ผู้​เสพ​อาจม +9
260010	หุ่น​เชิด​ผู้​เสพ​อาจม +10
261000	หุ่น​เชิด​เธโล​ริ​นา ​หญิง​ร่าง​ทรง​องคุลี
261001	หุ่น​เชิด​เธโล​ริ​นา ​หญิง​ร่าง​ทรง​องคุลี +1
261002	หุ่น​เชิด​เธโล​ริ​นา ​หญิง​ร่าง​ทรง​องคุลี +2
261003	หุ่น​เชิด​เธโล​ริ​นา ​หญิง​ร่าง​ทรง​องคุลี +3
261004	หุ่น​เชิด​เธโล​ริ​นา ​หญิง​ร่าง​ทรง​องคุลี +4
261005	หุ่น​เชิด​เธโล​ริ​นา ​หญิง​ร่าง​ทรง​องคุลี +5
261006	หุ่น​เชิด​เธโล​ริ​นา ​หญิง​ร่าง​ทรง​องคุลี +6
261007	หุ่น​เชิด​เธโล​ริ​นา ​หญิง​ร่าง​ทรง​องคุลี +7
261008	หุ่น​เชิด​เธโล​ริ​นา ​หญิง​ร่าง​ทรง​องคุลี +8
261009	หุ่น​เชิด​เธโล​ริ​นา ​หญิง​ร่าง​ทรง​องคุลี +9
261010	หุ่น​เชิด​เธโล​ริ​นา ​หญิง​ร่าง​ทรง​องคุลี +10
262000	หุ่น​เชิด​โด​โลเร​สนิท​รา
262001	หุ่น​เชิด​โด​โลเร​สนิท​รา +1
262002	หุ่น​เชิด​โด​โลเร​สนิท​รา +2
262003	หุ่น​เชิด​โด​โลเร​สนิท​รา +3
262004	หุ่น​เชิด​โด​โลเร​สนิท​รา +4
262005	หุ่น​เชิด​โด​โลเร​สนิท​รา +5
262006	หุ่น​เชิด​โด​โลเร​สนิท​รา +6
262007	หุ่น​เชิด​โด​โลเร​สนิท​รา +7
262008	หุ่น​เชิด​โด​โลเร​สนิท​รา +8
262009	หุ่น​เชิด​โด​โลเร​สนิท​รา +9
262010	หุ่น​เชิด​โด​โลเร​สนิท​รา +10
263000	หุ่น​เชิด​บุรุษ​ไห
263001	หุ่น​เชิด​บุรุษ​ไห +1
263002	หุ่น​เชิด​บุรุษ​ไห +2
263003	หุ่น​เชิด​บุรุษ​ไห +3
263004	หุ่น​เชิด​บุรุษ​ไห +4
263005	หุ่น​เชิด​บุรุษ​ไห +5
263006	หุ่น​เชิด​บุรุษ​ไห +6
263007	หุ่น​เชิด​บุรุษ​ไห +7
263008	หุ่น​เชิด​บุรุษ​ไห +8
263009	หุ่น​เชิด​บุรุษ​ไห +9
263010	หุ่น​เชิด​บุรุษ​ไห +10
9999001	
9999002	
9999003	
9999004	
9999005	
9999006	
9999007	
9999008	
9999009	
9999010	
9999011	
9999012	
9999013	
9999014	
9999015	
9999016	
9999017	
9999018	
9999019	
9999020	
9999021	
9999022	
9999023	
9999024	
9999025	
9999026	
9999027	
9999028	
9999029	
9999030	
9999031	
9999032	
9999033	
9999034	
9999035	
9999036	
9999037	
9999038	
9999039	
9999040	
9999041	
9999042	
9999043	
9999044	
9999045	
9999046	
9999047	
9999048	
9999049	
9999050	
9999051	
9999052	
9999053	
9999054	
9999055	
9999056	
9999057	
9999058	
9999059	
9999060	
9999061	
9999062	
9999063	
9999064	
9999065	
9999066	
9999067	
9999068	
9999069	
9999070	
9999071	
9999072	
9999073	
9999074	
9999075	
9999076	
9999077	
9999078	
9999079	
9999080	
9999081	
9999082	
9999083	
9999084	
9999085	
9999086	
9999087	
9999088	
9999089	
9999090	
9999091	
9999092	
9999093	
9999094	
9999095	
9999096	
9999097	
9999098	
9999099	
