2220	Talismã Perfumista
7000	Medalhão de Âmbar Carmesim +3
7001	
7002	
7003	
7004	
7005	
7006	
7007	
7008	
7009	
7010	Medalhão de Âmbar Cerúleo +3
7011	
7012	
7013	
7014	
7015	
7016	
7017	
7018	
7019	
7020	Medalhão de Âmbar Viridiano +3
7021	
7022	
7023	
7024	
7025	
7026	
7027	
7028	
7029	
7030	Talismã da Tartaruga de Duas Cabeças
7031	
7032	
7033	
7034	
7035	
7036	
7037	
7038	
7039	
7040	Amuleto de Chifre Robusto +2
7041	
7042	
7043	
7044	
7045	
7046	
7047	
7048	
7049	
7050	Amuleto de Chifre Imunizante +2
7051	
7052	
7053	
7054	
7055	
7056	
7057	
7058	
7059	
7060	Amuleto de Chifre de Clarificação +2
7080	Colar Manchado +2
7081	
7082	
7083	
7084	
7085	
7086	
7087	
7088	
7089	
7090	Talismã de Draco de Feitiço +3
7091	
7092	
7093	
7094	
7095	
7096	
7097	
7098	
7099	
7100	Talismã de Draco de Fogo +3
7101	
7102	
7103	
7104	
7105	
7106	
7107	
7108	
7109	
7110	Talismã de Draco Elétrico +3
7111	
7112	
7113	
7114	
7115	
7116	
7117	
7118	
7119	
7120	Trança Dourada
7121	
7122	
7123	
7124	
7125	
7126	
7127	
7128	
7129	
7130	Talismã de Draco de Pérola +3
7131	
7132	
7133	
7134	
7135	
7136	
7137	
7138	
7139	
7140	Talismã de Semente Carmesim +1
7141	
7142	
7143	
7144	
7145	
7146	
7147	
7148	
7149	
7150	Talismã de Semente Cerúlea +1
8000	Talismã de Orvalho Abençoado Azul
8001	
8002	
8003	
8004	
8005	
8006	
8007	
8008	
8009	
8010	Talismã de Pena do Crisol Fino
8011	
8012	
8013	
8014	
8015	
8016	
8017	
8018	
8019	
8020	Relíquia do Deus Forasteiro
8021	
8022	
8023	
8024	
8025	
8026	
8027	
8028	
8029	
8030	Talismã da Pedra Quebrada
8031	
8032	
8033	
8034	
8035	
8036	
8037	
8038	
8039	
8040	Talismã de Espada de Duas Mãos
8041	
8042	
8043	
8044	
8045	
8046	
8047	
8048	
8049	
8050	Insígnia da Cruzada
8051	
8052	
8053	
8054	
8055	
8056	
8057	
8058	
8059	
8060	Exultação do Envelhecido
8061	
8062	
8063	
8064	
8065	
8066	
8067	
8068	
8069	
8070	Talismã do Pungir da Flecha Disparada
8090	Talismã de Escudo Perolado
8091	
8092	
8093	
8094	
8095	
8096	
8097	
8098	
8099	
8100	Buquê Seco
8101	
8102	
8103	
8104	
8105	
8106	
8107	
8108	
8109	
8110	Talismã de Ferreiro
8111	
8112	
8113	
8114	
8115	
8116	
8117	
8118	
8119	
8120	Talismã da Doença
8121	
8122	
8123	
8124	
8125	
8126	
8127	
8128	
8129	
8130	Árvore Cruzada da Retaliação
8131	
8132	
8133	
8134	
8135	
8136	
8137	
8138	
8139	
8140	Árvore Cruzada Lacerante
8141	
8142	
8143	
8144	
8145	
8146	
8147	
8148	
8149	
8150	Talismã do Tiro Preciso
8151	
8152	
8153	
8154	
8155	
8156	
8157	
8158	
8159	
8160	Sorriso de Sta. Trina
8161	
8162	
8163	
8164	
8165	
8166	
8167	
8168	
8169	
8170	Talismã do Terrível
8171	
8172	
8173	
8174	
8175	
8176	
8177	
8178	
8179	
8180	Fera Divina Enfurecida
8181	
8182	
8183	
8184	
8185	
8186	
8187	
8188	
8189	
8190	Pó Estelar Amado
8191	
8192	
8193	
8194	
8195	
8196	
8197	
8198	
8199	
8200	Talismã Ofertado pelo Lorde
8201	
8202	
8203	
8204	
8205	
8206	
8207	
8208	
8209	
8210	Disco de Azinhavre
8211	
8212	
8213	
8214	
8215	
8216	
8217	
8218	
8219	
8220	Camafeu de Rellana
8221	
8222	
8223	
8224	
8225	
8226	
8227	
8228	
8229	
8230	Lâmina da Misericórdia
8231	
8232	
8233	
8234	
8235	
8236	
8237	
8238	
8239	
8240	Talismã de Todos os Crisóis
