2000300	大火焰壶
2000301	
2000302	
2000303	
2000304	
2000305	
2000306	
2000307	
2000308	
2000309	
2000310	大岩石壶
2000311	
2000312	
2000313	
2000314	
2000315	
2000316	
2000317	
2000318	
2000319	
2000320	大雷电壶
2000321	
2000322	
2000323	
2000324	
2000325	
2000326	
2000327	
2000328	
2000329	
2000330	大粪便壶
2000331	
2000332	
2000333	
2000334	
2000335	
2000336	
2000337	
2000338	
2000339	
2000340	大苍蝇壶
2000360	大结冰壶
2000361	
2000362	
2000363	
2000364	
2000365	
2000366	
2000367	
2000368	
2000369	
2000370	大毒壶
2000371	
2000372	
2000373	
2000374	
2000375	
2000376	
2000377	
2000378	
2000379	
2000380	大油壶
2000600	大火山壶
2000620	大癫火壶
2000650	大怨魂壶
2000651	
2000652	
2000653	
2000654	
2000655	
2000656	
2000657	
2000658	
2000659	
2000660	大魔力壶
2000661	
2000662	
2000663	
2000664	
2000665	
2000666	
2000667	
2000668	
2000669	
2000670	大腐败壶
2000671	
2000672	
2000673	
2000674	
2000675	
2000676	
2000677	
2000678	
2000679	
2000680	大燃炉壶
2000681	
2000682	
2000683	
2000684	
2000685	
2000686	
2000687	
2000688	
2000689	
2000690	大红雷壶
2000691	
2000692	
2000693	
2000694	
2000695	
2000696	
2000697	
2000698	
2000699	
2000700	红雷壶
2000701	
2000702	
2000703	
2000704	
2000705	
2000706	
2000707	
2000708	
2000709	
2000710	癫火壶
2000740	永眠壶
2000760	附绳癫火壶
2000800	灵力果干
2000900	玛莉卡的赐福
2000901	
2000902	
2000903	
2000904	
2000905	
2000906	
2000907	
2000908	
2000909	
2000910	半梦树枝
2001100	龙飨肉块
2001101	
2001102	
2001103	
2001104	
2001105	逆鳞肉块
2001106	
2001107	
2001108	
2001109	
2001110	指纹秘药
2001111	
2001112	
2001113	
2001114	
2001115	
2001116	
2001117	
2001118	
2001119	
2001120	抗魔腌制肝
2001121	
2001122	
2001123	
2001124	
2001125	
2001126	
2001127	
2001128	
2001129	
2001130	抗火腌制肝
2001131	
2001132	
2001133	
2001134	
2001135	
2001136	
2001137	
2001138	
2001139	
2001140	抗雷腌制肝
2001141	
2001142	
2001143	
2001144	
2001145	
2001146	
2001147	
2001148	
2001149	
2001150	抗圣腌制肝
2001151	
2001152	
2001153	
2001154	
2001155	
2001156	
2001157	
2001158	
2001159	
2001160	珍珠腌制肝
2001161	
2001162	
2001163	
2001164	
2001165	
2001166	
2001167	
2001168	
2001169	
2001170	腌制老龟颈肉
2001200	炖煮蝎子
2001201	豪华炖煮蝎子
2001202	炖煮蝎子
2001203	豪华炖煮蝎子
2001204	
2001205	
2001206	
2001207	
2001208	
2001209	
2001210	神圣血肉
2001211	
2001212	
2001213	
2001214	
2001215	
2001216	
2001217	
2001218	
2001219	
2001220	白银角币
2001221	
2001222	
2001223	
2001224	
2001225	
2001226	
2001227	
2001228	
2001229	
2001230	黄金角币
2001400	梅瑟莫火油脂
2001401	
2001402	
2001403	
2001404	
2001405	
2001406	
2001407	
2001408	
2001409	
2001410	龙雷油脂
2001411	
2001412	
2001413	
2001414	
2001415	
2001416	
2001417	
2001418	
2001419	
2001420	王室魔力油脂
2001421	
2001422	
2001423	
2001424	
2001425	
2001426	
2001427	
2001428	
2001429	
2001430	黄金油脂
2001450	永眠油脂
2001480	龙飨油脂
2001500	附绳梅瑟莫火油脂
2001501	
2001502	
2001503	
2001504	
2001505	
2001506	
2001507	
2001508	
2001509	
2001510	附绳龙雷油脂
2001511	
2001512	
2001513	
2001514	
2001515	
2001516	
2001517	
2001518	
2001519	
2001520	附绳王室魔力油脂
2001521	
2001522	
2001523	
2001524	
2001525	
2001526	
2001527	
2001528	
2001529	
2001530	附绳黄金油脂
2001550	附绳永眠油脂
2001600	庆典油脂
2001700	内容物肉块
2001701	
2001702	
2001703	
2001704	
2001705	
2001706	
2001707	
2001708	
2001709	
2001710	龙飨鱼叉
2002000	人声石
2002001	
2002002	
2002003	
2002004	
2002005	
2002006	
2002007	
2002008	
2002009	
2002010	岩石心脏
2002011	
2002012	
2002013	
2002014	
2002015	
2002016	
2002017	
2002018	
2002019	
2002020	女巫心脏
2002021	
2002022	
2002023	
2002024	
2002025	
2002026	
2002027	
2002028	
2002029	
2002030	喟叹者面具
2002100	古龙恩泽
2002120	赐福覆眼膜
2002121	
2002122	
2002123	
2002124	
2002125	
2002126	
2002127	
2002128	
2002129	
2002130	黑暗覆眼膜
2002131	
2002132	
2002133	
2002134	
2002135	
2002136	
2002137	
2002138	
2002139	
2002140	休里耶的秘药
2002141	
2002142	
2002143	
2002144	
2002145	
2002146	
2002147	
2002148	
2002149	
2002150	唤声泥颅“喟叹”
2002900	山猪骑士的追忆
2002901	穿刺者的追忆
2002902	影轮草的追忆
2002903	双月骑士的追忆
2002904	花蕾圣女的追忆
2002905	舞狮的追忆
2002906	
2002907	神祇与王的追忆
2002908	癫火之王的追忆
2002909	指头之母的追忆
2002910	融泥的追忆
2002950	蕾妲的卢恩
2002951	毁坏卢恩
2002952	幽影之地卢恩【１】
2002953	幽影之地卢恩【２】
2002954	幽影之地卢恩【３】
2002955	幽影之地卢恩【４】
2002956	幽影之地卢恩【５】
2002957	幽影之地卢恩【６】
2002958	幽影之地卢恩【７】
2002959	不受赞扬的英雄卢恩
2002960	玛莉卡的卢恩
2003000	情谊石
2003001	精灵石
2003130	带角幼子像
2003131	
2003132	
2003133	
2003134	
2003135	
2003136	
2003137	
2003138	
2003139	
2003140	拉纳香油瓶
2003141	
2003142	
2003143	
2003144	
2003145	
2003146	
2003147	
2003148	
2003149	
2003150	提比亚的唤声
2003151	
2003152	
2003153	
2003154	
2003155	
2003156	
2003157	
2003158	
2003159	
2003160	迸发癫火
2003161	
2003162	
2003163	
2003164	
2003165	
2003166	
2003167	
2003168	
2003169	
2003170	黄金树立誓
2003171	
2003172	
2003173	
2003174	
2003175	
2003176	
2003177	
2003178	
2003179	
2003180	蜷曲火焰
2003181	
2003182	
2003183	
2003184	
2003185	
2003186	
2003187	
2003188	
2003189	
2003190	火精灵石
2003191	
2003192	
2003193	
2003194	
2003195	
2003196	
2003197	
2003198	
2003199	
2003200	光辉指爪
2003310	暖阳石
2003350	惑众树枝
2004300	米丽安的消失
2004301	
2004302	
2004303	
2004304	
2004305	
2004306	
2004307	
2004308	
2004309	
2004310	魔法三辉剑
2004311	
2004312	
2004313	
2004314	
2004315	
2004316	
2004317	
2004318	
2004319	
2004320	蕾菈娜的双月
2004500	辉石指爪
2004501	
2004502	
2004503	
2004504	
2004505	
2004506	
2004507	
2004508	
2004509	
2004510	辉石繁指爪
2004700	岩块刀刃
2004701	
2004702	
2004703	
2004704	
2004705	
2004706	
2004707	
2004708	
2004709	
2004710	引力球
2004900	棘刺上身
2004901	
2004902	
2004903	
2004904	
2004905	
2004906	
2004907	
2004908	
2004909	
2004910	拒绝的刺
2005000	灵魂光环
2006200	融泥漩
2006201	
2006202	
2006203	
2006204	
2006205	
2006206	
2006207	
2006208	
2006209	
2006210	融泥块
2006300	安帕赫的狂刃
2006400	远方之恢复
2006650	熔炉百相之针
2006651	
2006652	
2006653	
2006654	
2006655	
2006656	
2006657	
2006658	
2006659	
2006660	熔炉百相之花
2006661	
2006662	
2006663	
2006664	
2006665	
2006666	
2006667	
2006668	
2006669	
2006670	小黄金树
2006671	
2006672	
2006673	
2006674	
2006675	
2006676	
2006677	
2006678	
2006679	
2006680	幽影之地
2006681	
2006682	
2006683	
2006684	
2006685	
2006686	
2006687	
2006688	
2006689	
2006690	远方之怒
2006691	
2006692	
2006693	
2006694	
2006695	
2006696	
2006697	
2006698	
2006699	
2006700	米凯拉的光
2006701	
2006702	
2006703	
2006704	
2006705	
2006706	
2006707	
2006708	
2006709	
2006710	相迭光环
2006800	鲁格利亚的咆哮
2006900	骑士雷电枪
2006901	
2006902	
2006903	
2006904	
2006905	
2006906	
2006907	
2006908	
2006909	
2006910	芙柔桑克斯的龙雷
2006911	
2006912	
2006913	
2006914	
2006915	
2006916	
2006917	
2006918	
2006919	
2006920	带电
2007000	贝勒的残虐
2007001	
2007002	
2007003	
2007004	
2007005	
2007006	
2007007	
2007008	
2007009	
2007010	贝勒的焰雷
2007011	
2007012	
2007013	
2007014	
2007015	
2007016	
2007017	
2007018	
2007019	
2007020	灵火吐息
2007200	腐败蝶
2007201	
2007202	
2007203	
2007204	
2007205	
2007206	
2007207	
2007208	
2007209	
2007210	虫丝枪
2007300	米德拉的癫火
2007410	虚幻小宇宙
2007411	
2007412	
2007413	
2007414	
2007415	
2007416	
2007417	
2007418	
2007419	
2007420	守护指头
2007600	守护灵
2007700	黄金弯弧
2007701	
2007702	
2007703	
2007704	
2007705	
2007706	
2007707	
2007708	
2007709	
2007710	黄金大弯弧
2007711	
2007712	
2007713	
2007714	
2007715	
2007716	
2007717	
2007718	
2007719	
2007720	旋流
2007721	
2007722	
2007723	
2007724	
2007725	
2007726	
2007727	
2007728	
2007729	
2007730	神兽龙卷风
2007731	
2007732	
2007733	
2007734	
2007735	
2007736	
2007737	
2007738	
2007739	
2007740	神鸟羽毛
2007800	火焰蛇
2007801	
2007802	
2007803	
2007804	
2007805	
2007806	
2007807	
2007808	
2007809	
2007810	火焰雨
2007811	
2007812	
2007813	
2007814	
2007815	
2007816	
2007817	
2007818	
2007819	
2007820	梅瑟莫的火球
2008000	米凯拉的大卢恩
2008001	
2008002	
2008003	埃贡的勾指
2008004	井底钥匙
2008005	监牢上层钥匙
2008006	监牢下层钥匙
2008007	十字记号地图
2008008	孔洞项链
2008009	
2008010	
2008011	贝勒的心脏
2008012	新的十字记号地图
2008013	仓库钥匙
2008014	秘密仪式卷轴
2008015	给弗蕾亚的信
2008016	遗迹地图
2008017	遗迹地图（第二张）
2008018	遗迹地图（第三张）
2008019	黑色浓浆
2008020	
2008021	梅瑟莫的火种
2008022	
2008023	城墙门钥匙
2008024	
2008025	燃炉工匠的笔记
2008026	
2008027	恩希斯城十字记号旁的信
2008028	古遗迹十字记号旁的信
2008029	修士的信
2008030	保藏库十字记号旁的信
2008031	文件：关于受封印的灵魂气流
2008032	被丢弃的日记
2008033	泪滴幼体
2008034	蕾妲留下的信
2008035	
2008036	祈祷厅钥匙
2008037	幽影塔旁的信
2008131	文件：关于受封印的灵魂气流
2008200	绘画《侵略》
2008201	绘画《神之塔》
2008202	绘画《龙之境界》
2008600	地图碎片：墓地平原
2008601	地图碎片：幽影亚坛
2008602	地图碎片：南方海岸
2008603	地图碎片：劳弗古遗迹
2008604	地图碎片：谷底
2008900	穆尔的铃珠
2008901	尤弥尔的铃珠
2008902	药草贩子的铃珠
2008903	蘑菇贩子的铃珠【１】
2008904	蘑菇贩子的铃珠【２】
2008905	树脂贩子的铃珠
2008906	霉菌贩子的铃珠
2008907	埃贡的铃珠
2008908	魔法技师的铃珠
2008909	绳索贩子的铃珠
2009000	米凯拉法环
2009001	期待切磋
2009002	双指
2009003	伴你同行
2009004	母亲啊
2009160	说明：幽影树庇佑
2009161	说明：灵灰庇佑
2009162	说明：置物包的新功能
2009301	集物虫的制作笔记【６】
2009302	集物虫的制作笔记【１】
2009303	集物虫的制作笔记【２】
2009304	集物虫的制作笔记【３】
2009305	集物虫的制作笔记【４】
2009306	集物虫的制作笔记【５】
2009307	埃贡的制作笔记【２】
2009308	指头追寻者的制作笔记【２】
2009309	大维壶师的制作笔记【１】
2009310	大维壶师的制作笔记【４】
2009311	大维壶师的制作笔记【５】
2009312	大维壶师的制作笔记【１２】
2009313	大维壶师的制作笔记【７】
2009314	大维壶师的制作笔记【９】
2009315	大维壶师的制作笔记【１０】
2009316	大维壶师的制作笔记【１１】
2009317	发狂工匠的制作笔记【２】
2009318	大维壶师的制作笔记【８】
2009319	大维壶师的制作笔记【３】
2009320	大维壶师的制作笔记【１３】
2009321	大维壶师的制作笔记【１４】
2009322	大维壶师的制作笔记【６】
2009323	大维壶师的制作笔记【２】
2009324	古龙骑士的制作笔记【１】
2009325	发狂工匠的制作笔记【１】
2009326	托莉娜信徒的制作笔记【１】
2009327	火焰骑士的制作笔记【１】
2009328	古龙骑士的制作笔记【２】
2009329	骑士实习生的制作笔记
2009330	战场神父的制作笔记【１】
2009331	埃贡的制作笔记【１】
2009332	战场神父的制作笔记【２】
2009333	集物虫的制作笔记【７】
2009334	托莉娜信徒的制作笔记【３】
2009335	守墓者的制作笔记【２】
2009336	考古学者的制作笔记【２】
2009337	提比亚的制作笔记
2009338	发狂工匠的制作笔记【３】
2009339	战场神父的制作笔记【３】
2009340	火焰骑士的制作笔记【２】
2009341	考古学者的制作笔记【１】
2009342	指头追寻者的制作笔记【１】
2009343	战场神父的制作笔记【４】
2009344	守墓者的制作笔记【１】
2009345	托莉娜信徒的制作笔记【２】
2009500	大龟裂壶
2010000	幽影树碎片
2010100	灵灰
2011000	绿秘密露滴
2011001	
2011002	
2011003	
2011004	
2011005	
2011006	
2011007	
2011008	
2011009	
2011010	涌红枯露滴
2011011	
2011012	
2011013	
2011014	
2011015	
2011016	
2011017	
2011018	
2011019	
2011020	夺红破露滴
2011021	
2011022	
2011023	
2011024	
2011025	
2011026	
2011027	
2011028	
2011029	
2011030	夺蓝破露滴
2011031	
2011032	
2011033	
2011034	
2011035	
2011036	
2011037	
2011038	
2011039	
2011040	油光露滴
2011041	
2011042	
2011043	
2011044	
2011045	
2011046	
2011047	
2011048	
2011049	
2011050	吸血破露滴
2011051	
2011052	
2011053	
2011054	
2011055	
2011056	
2011057	
2011058	
2011059	
2011060	铃兰结晶露滴
2011061	
2011062	
2011063	
2011064	
2011065	
2011066	
2011067	
2011068	
2011069	
2011070	反弹硬露滴
2015000	野兽角
2015001	
2015002	
2015003	
2015004	
2015005	
2015006	
2015007	
2015008	
2015009	
2015010	灵性结石
2015011	
2015012	
2015013	
2015014	
2015015	
2015016	
2015017	
2015018	
2015019	
2015020	珍珠色鳞片
2015021	
2015022	
2015023	
2015024	
2015025	
2015026	
2015027	
2015028	
2015029	
2015030	蝎子肝
2015031	
2015032	
2015033	
2015034	
2015035	
2015036	
2015037	
2015038	
2015039	
2015040	苍蝇霉
2020001	拉答果实
2020002	红肉蘑菇
2020003	白肉蘑菇
2020004	瘤脂
2020005	玉露
2020006	黑火蝶
2020007	辉石块萤火虫
2020008	黄雷电花
2020009	影轮草
2020010	毒苔藓虫
2020011	猩红花蕾
2020012	鲜血孤挺花
2020013	结冻蛆虫
2020014	深紫睡莲
2020015	蜜血木芽
2020016	灯笼虫
2020017	膨胀葡萄
2020018	守墓者头盖骨
2020019	和角排泄物
2020020	燃气石
2020021	灵火花
2020022	墓地铃虫
2020023	龙热花
2020024	拟态指头
2020025	神血木芽
2020026	凝固融泥
2020027	浑圆岩石
2020028	灵墓碑石
2020029	劳弗巢穴
2020030	梅瑟莫的余火
2020031	赐福骨片
2020032	红雷花
2020033	指甲石
2020034	尖锐碎石
2020035	燃炉面具
2200000	咒剑士米拉
2200001	咒剑士米拉＋１
2200002	咒剑士米拉＋２
2200003	咒剑士米拉＋３
2200004	咒剑士米拉＋４
2200005	咒剑士米拉＋５
2200006	咒剑士米拉＋６
2200007	咒剑士米拉＋７
2200008	咒剑士米拉＋８
2200009	咒剑士米拉＋９
2200010	咒剑士米拉＋１０
2201000	血怪咒术师的骨灰
2201001	血怪咒术师的骨灰＋１
2201002	血怪咒术师的骨灰＋２
2201003	血怪咒术师的骨灰＋３
2201004	血怪咒术师的骨灰＋４
2201005	血怪咒术师的骨灰＋５
2201006	血怪咒术师的骨灰＋６
2201007	血怪咒术师的骨灰＋７
2201008	血怪咒术师的骨灰＋８
2201009	血怪咒术师的骨灰＋９
2201010	血怪咒术师的骨灰＋１０
2202000	守墓鸟的骨灰
2202001	守墓鸟的骨灰＋１
2202002	守墓鸟的骨灰＋２
2202003	守墓鸟的骨灰＋３
2202004	守墓鸟的骨灰＋４
2202005	守墓鸟的骨灰＋５
2202006	守墓鸟的骨灰＋６
2202007	守墓鸟的骨灰＋７
2202008	守墓鸟的骨灰＋８
2202009	守墓鸟的骨灰＋９
2202010	守墓鸟的骨灰＋１０
2203000	“火焰骑士”希德
2203001	“火焰骑士”希德＋１
2203002	“火焰骑士”希德＋２
2203003	“火焰骑士”希德＋３
2203004	“火焰骑士”希德＋４
2203005	“火焰骑士”希德＋５
2203006	“火焰骑士”希德＋６
2203007	“火焰骑士”希德＋７
2203008	“火焰骑士”希德＋８
2203009	“火焰骑士”希德＋９
2203010	“火焰骑士”希德＋１０
2204000	蜘蛛蝎的骨灰
2204001	蜘蛛蝎的骨灰＋１
2204002	蜘蛛蝎的骨灰＋２
2204003	蜘蛛蝎的骨灰＋３
2204004	蜘蛛蝎的骨灰＋４
2204005	蜘蛛蝎的骨灰＋５
2204006	蜘蛛蝎的骨灰＋６
2204007	蜘蛛蝎的骨灰＋７
2204008	蜘蛛蝎的骨灰＋８
2204009	蜘蛛蝎的骨灰＋９
2204010	蜘蛛蝎的骨灰＋１０
2205000	拷问官的骨灰
2205001	拷问官的骨灰＋１
2205002	拷问官的骨灰＋２
2205003	拷问官的骨灰＋３
2205004	拷问官的骨灰＋４
2205005	拷问官的骨灰＋５
2205006	拷问官的骨灰＋６
2205007	拷问官的骨灰＋７
2205008	拷问官的骨灰＋８
2205009	拷问官的骨灰＋９
2205010	拷问官的骨灰＋１０
2206000	“亚人剑士”约西
2206001	“亚人剑士”约西＋１
2206002	“亚人剑士”约西＋２
2206003	“亚人剑士”约西＋３
2206004	“亚人剑士”约西＋４
2206005	“亚人剑士”约西＋５
2206006	“亚人剑士”约西＋６
2206007	“亚人剑士”约西＋７
2206008	“亚人剑士”约西＋８
2206009	“亚人剑士”约西＋９
2206010	“亚人剑士”约西＋１０
2207000	梅瑟莫士兵的骨灰
2207001	梅瑟莫士兵的骨灰＋１
2207002	梅瑟莫士兵的骨灰＋２
2207003	梅瑟莫士兵的骨灰＋３
2207004	梅瑟莫士兵的骨灰＋４
2207005	梅瑟莫士兵的骨灰＋５
2207006	梅瑟莫士兵的骨灰＋６
2207007	梅瑟莫士兵的骨灰＋７
2207008	梅瑟莫士兵的骨灰＋８
2207009	梅瑟莫士兵的骨灰＋９
2207010	梅瑟莫士兵的骨灰＋１０
2208000	“黑骑士团长”安卓斯
2208001	“黑骑士团长”安卓斯＋１
2208002	“黑骑士团长”安卓斯＋２
2208003	“黑骑士团长”安卓斯＋３
2208004	“黑骑士团长”安卓斯＋４
2208005	“黑骑士团长”安卓斯＋５
2208006	“黑骑士团长”安卓斯＋６
2208007	“黑骑士团长”安卓斯＋７
2208008	“黑骑士团长”安卓斯＋８
2208009	“黑骑士团长”安卓斯＋９
2208010	“黑骑士团长”安卓斯＋１０
2209000	“黑骑士副团长”修
2209001	“黑骑士副团长”修＋１
2209002	“黑骑士副团长”修＋２
2209003	“黑骑士副团长”修＋３
2209004	“黑骑士副团长”修＋４
2209005	“黑骑士副团长”修＋５
2209006	“黑骑士副团长”修＋６
2209007	“黑骑士副团长”修＋７
2209008	“黑骑士副团长”修＋８
2209009	“黑骑士副团长”修＋９
2209010	“黑骑士副团长”修＋１０
2210000	大嘴小恶魔的骨灰
2210001	大嘴小恶魔的骨灰＋１
2210002	大嘴小恶魔的骨灰＋２
2210003	大嘴小恶魔的骨灰＋３
2210004	大嘴小恶魔的骨灰＋４
2210005	大嘴小恶魔的骨灰＋５
2210006	大嘴小恶魔的骨灰＋６
2210007	大嘴小恶魔的骨灰＋７
2210008	大嘴小恶魔的骨灰＋８
2210009	大嘴小恶魔的骨灰＋９
2210010	大嘴小恶魔的骨灰＋１０
2211000	人形苍蝇的骨灰
2211001	人形苍蝇的骨灰＋１
2211002	人形苍蝇的骨灰＋２
2211003	人形苍蝇的骨灰＋３
2211004	人形苍蝇的骨灰＋４
2211005	人形苍蝇的骨灰＋５
2211006	人形苍蝇的骨灰＋６
2211007	人形苍蝇的骨灰＋７
2211008	人形苍蝇的骨灰＋８
2211009	人形苍蝇的骨灰＋９
2211010	人形苍蝇的骨灰＋１０
2212000	“锻造魔像”泰乌尔
2212001	“锻造魔像”泰乌尔＋１
2212002	“锻造魔像”泰乌尔＋２
2212003	“锻造魔像”泰乌尔＋３
2212004	“锻造魔像”泰乌尔＋４
2212005	“锻造魔像”泰乌尔＋５
2212006	“锻造魔像”泰乌尔＋６
2212007	“锻造魔像”泰乌尔＋７
2212008	“锻造魔像”泰乌尔＋８
2212009	“锻造魔像”泰乌尔＋９
2212010	“锻造魔像”泰乌尔＋１０
2213000	“神鸟战士”奥尼斯
2213001	“神鸟战士”奥尼斯＋１
2213002	“神鸟战士”奥尼斯＋２
2213003	“神鸟战士”奥尼斯＋３
2213004	“神鸟战士”奥尼斯＋４
2213005	“神鸟战士”奥尼斯＋５
2213006	“神鸟战士”奥尼斯＋６
2213007	“神鸟战士”奥尼斯＋７
2213008	“神鸟战士”奥尼斯＋８
2213009	“神鸟战士”奥尼斯＋９
2213010	“神鸟战士”奥尼斯＋１０
2214000	角战士的骨灰
2214001	角战士的骨灰＋１
2214002	角战士的骨灰＋２
2214003	角战士的骨灰＋３
2214004	角战士的骨灰＋４
2214005	角战士的骨灰＋５
2214006	角战士的骨灰＋６
2214007	角战士的骨灰＋７
2214008	角战士的骨灰＋８
2214009	角战士的骨灰＋９
2214010	角战士的骨灰＋１０
2215000	“古龙”芙柔桑克斯
2215001	“古龙”芙柔桑克斯＋１
2215002	“古龙”芙柔桑克斯＋２
2215003	“古龙”芙柔桑克斯＋３
2215004	“古龙”芙柔桑克斯＋４
2215005	“古龙”芙柔桑克斯＋５
2215006	“古龙”芙柔桑克斯＋６
2215007	“古龙”芙柔桑克斯＋７
2215008	“古龙”芙柔桑克斯＋８
2215009	“古龙”芙柔桑克斯＋９
2215010	“古龙”芙柔桑克斯＋１０
2217000	指虫的骨灰
2217001	指虫的骨灰＋１
2217002	指虫的骨灰＋２
2217003	指虫的骨灰＋３
2217004	指虫的骨灰＋４
2217005	指虫的骨灰＋５
2217006	指虫的骨灰＋６
2217007	指虫的骨灰＋７
2217008	指虫的骨灰＋８
2217009	指虫的骨灰＋９
2217010	指虫的骨灰＋１０
2218000	“火焰骑士”昆兰
2218001	“火焰骑士”昆兰＋１
2218002	“火焰骑士”昆兰＋２
2218003	“火焰骑士”昆兰＋３
2218004	“火焰骑士”昆兰＋４
2218005	“火焰骑士”昆兰＋５
2218006	“火焰骑士”昆兰＋６
2218007	“火焰骑士”昆兰＋７
2218008	“火焰骑士”昆兰＋８
2218009	“火焰骑士”昆兰＋９
2218010	“火焰骑士”昆兰＋１０
2219000	“黑夜剑士”约兰
2219001	“黑夜剑士”约兰＋１
2219002	“黑夜剑士”约兰＋２
2219003	“黑夜剑士”约兰＋３
2219004	“黑夜剑士”约兰＋４
2219005	“黑夜剑士”约兰＋５
2219006	“黑夜剑士”约兰＋６
2219007	“黑夜剑士”约兰＋７
2219008	“黑夜剑士”约兰＋８
2219009	“黑夜剑士”约兰＋９
2219010	“黑夜剑士”约兰＋１０
2220000	约兰与安娜
2220001	约兰与安娜＋１
2220002	约兰与安娜＋２
2220003	约兰与安娜＋３
2220004	约兰与安娜＋４
2220005	约兰与安娜＋５
2220006	约兰与安娜＋６
2220007	约兰与安娜＋７
2220008	约兰与安娜＋８
2220009	约兰与安娜＋９
2220010	约兰与安娜＋１０
