2000300	大火炎壺
2000301	
2000302	
2000303	
2000304	
2000305	
2000306	
2000307	
2000308	
2000309	
2000310	大岩石壺
2000311	
2000312	
2000313	
2000314	
2000315	
2000316	
2000317	
2000318	
2000319	
2000320	大雷壺
2000321	
2000322	
2000323	
2000324	
2000325	
2000326	
2000327	
2000328	
2000329	
2000330	大糞壺
2000331	
2000332	
2000333	
2000334	
2000335	
2000336	
2000337	
2000338	
2000339	
2000340	大蠅壺
2000360	大氷結壺
2000361	
2000362	
2000363	
2000364	
2000365	
2000366	
2000367	
2000368	
2000369	
2000370	大毒壺
2000371	
2000372	
2000373	
2000374	
2000375	
2000376	
2000377	
2000378	
2000379	
2000380	大油壷
2000600	大火山壺
2000620	大狂い火壺
2000650	大怨霊壺
2000651	
2000652	
2000653	
2000654	
2000655	
2000656	
2000657	
2000658	
2000659	
2000660	大魔力壺
2000661	
2000662	
2000663	
2000664	
2000665	
2000666	
2000667	
2000668	
2000669	
2000670	大腐敗壺
2000671	
2000672	
2000673	
2000674	
2000675	
2000676	
2000677	
2000678	
2000679	
2000680	大焼炉壺
2000681	
2000682	
2000683	
2000684	
2000685	
2000686	
2000687	
2000688	
2000689	
2000690	大赤雷壺
2000691	
2000692	
2000693	
2000694	
2000695	
2000696	
2000697	
2000698	
2000699	
2000700	赤雷壺
2000701	
2000702	
2000703	
2000704	
2000705	
2000706	
2000707	
2000708	
2000709	
2000710	狂い火壺
2000740	永眠壺
2000760	紐付き狂い火壺
2000800	スピリット・レーズン
2000900	マリカの祝福
2000901	
2000902	
2000903	
2000904	
2000905	
2000906	
2000907	
2000908	
2000909	
2000910	微睡の枝
2001100	竜餐の肉塊
2001101	
2001102	
2001103	
2001104	
2001105	逆鱗の肉塊
2001106	
2001107	
2001108	
2001109	
2001110	指紋の秘薬
2001111	
2001112	
2001113	
2001114	
2001115	
2001116	
2001117	
2001118	
2001119	
2001120	抗魔の肝漬け
2001121	
2001122	
2001123	
2001124	
2001125	
2001126	
2001127	
2001128	
2001129	
2001130	抗炎の肝漬け
2001131	
2001132	
2001133	
2001134	
2001135	
2001136	
2001137	
2001138	
2001139	
2001140	抗雷の肝漬け
2001141	
2001142	
2001143	
2001144	
2001145	
2001146	
2001147	
2001148	
2001149	
2001150	抗聖の肝漬け
2001151	
2001152	
2001153	
2001154	
2001155	
2001156	
2001157	
2001158	
2001159	
2001160	真珠色の肝漬け
2001161	
2001162	
2001163	
2001164	
2001165	
2001166	
2001167	
2001168	
2001169	
2001170	亀首の古漬け
2001200	サソリ煮込み
2001201	贅沢なサソリ煮込み
2001202	サソリ煮込み
2001203	贅沢なサソリ煮込み
2001204	
2001205	
2001206	
2001207	
2001208	
2001209	
2001210	聖なる血肉
2001211	
2001212	
2001213	
2001214	
2001215	
2001216	
2001217	
2001218	
2001219	
2001220	白銀の角貨
2001221	
2001222	
2001223	
2001224	
2001225	
2001226	
2001227	
2001228	
2001229	
2001230	黄金の角貨
2001400	メスメルの火脂
2001401	
2001402	
2001403	
2001404	
2001405	
2001406	
2001407	
2001408	
2001409	
2001410	竜雷脂
2001411	
2001412	
2001413	
2001414	
2001415	
2001416	
2001417	
2001418	
2001419	
2001420	王家の魔力脂
2001421	
2001422	
2001423	
2001424	
2001425	
2001426	
2001427	
2001428	
2001429	
2001430	黄金脂
2001450	永眠脂
2001480	竜餐脂
2001500	紐付きメスメルの火脂
2001501	
2001502	
2001503	
2001504	
2001505	
2001506	
2001507	
2001508	
2001509	
2001510	紐付き竜雷脂
2001511	
2001512	
2001513	
2001514	
2001515	
2001516	
2001517	
2001518	
2001519	
2001520	紐付き王家の魔力脂
2001521	
2001522	
2001523	
2001524	
2001525	
2001526	
2001527	
2001528	
2001529	
2001530	紐付き黄金脂
2001550	紐付き永眠脂
2001600	祝祭脂
2001700	中身肉
2001701	
2001702	
2001703	
2001704	
2001705	
2001706	
2001707	
2001708	
2001709	
2001710	竜餐の銛
2002000	人鳴り石
2002001	
2002002	
2002003	
2002004	
2002005	
2002006	
2002007	
2002008	
2002009	
2002010	岩の心臓
2002011	
2002012	
2002013	
2002014	
2002015	
2002016	
2002017	
2002018	
2002019	
2002020	巫女の心臓
2002021	
2002022	
2002023	
2002024	
2002025	
2002026	
2002027	
2002028	
2002029	
2002030	嘆き人の仮面
2002100	古竜の恩寵
2002120	祝福の瞳膜
2002121	
2002122	
2002123	
2002124	
2002125	
2002126	
2002127	
2002128	
2002129	
2002130	暗闇の瞳膜
2002131	
2002132	
2002133	
2002134	
2002135	
2002136	
2002137	
2002138	
2002139	
2002140	ティエリエの秘薬
2002141	
2002142	
2002143	
2002144	
2002145	
2002146	
2002147	
2002148	
2002149	
2002150	呼び声頭「嘆き」
2002900	猪乗りの追憶
2002901	串刺し公の追憶
2002902	影輪草の追憶
2002903	双月の騎士の追憶
2002904	蕾の聖女の追憶
2002905	獅子舞の追憶
2002906	
2002907	神と王の追憶
2002908	狂い火の王の追憶
2002909	指の母の追憶
2002910	泥濘の追憶
2002950	レダのルーン
2002951	壊れたルーン
2002952	影の地のルーン【１】
2002953	影の地のルーン【２】
2002954	影の地のルーン【３】
2002955	影の地のルーン【４】
2002956	影の地のルーン【５】
2002957	影の地のルーン【６】
2002958	影の地のルーン【７】
2002959	謳われぬ英雄のルーン
2002960	マリカのルーン
2003000	絆の石
2003001	精霊石
2003130	角水子
2003131	
2003132	
2003133	
2003134	
2003135	
2003136	
2003137	
2003138	
2003139	
2003140	ラーナの香油瓶
2003141	
2003142	
2003143	
2003144	
2003145	
2003146	
2003147	
2003148	
2003149	
2003150	ティビアの呼び声
2003151	
2003152	
2003153	
2003154	
2003155	
2003156	
2003157	
2003158	
2003159	
2003160	迸る狂い火
2003161	
2003162	
2003163	
2003164	
2003165	
2003166	
2003167	
2003168	
2003169	
2003170	黄金樹に誓って
2003171	
2003172	
2003173	
2003174	
2003175	
2003176	
2003177	
2003178	
2003179	
2003180	火の蜷局
2003181	
2003182	
2003183	
2003184	
2003185	
2003186	
2003187	
2003188	
2003189	
2003190	火霊石
2003191	
2003192	
2003193	
2003194	
2003195	
2003196	
2003197	
2003198	
2003199	
2003200	輝く爪
2003310	陽だまり石
2003350	魅了の枝
2004300	ミリアムの消失
2004301	
2004302	
2004303	
2004304	
2004305	
2004306	
2004307	
2004308	
2004309	
2004310	魔術の三輝剣
2004311	
2004312	
2004313	
2004314	
2004315	
2004316	
2004317	
2004318	
2004319	
2004320	レラーナの双月
2004500	輝石の爪
2004501	
2004502	
2004503	
2004504	
2004505	
2004506	
2004507	
2004508	
2004509	
2004510	輝石の多爪
2004700	岩の刃
2004701	
2004702	
2004703	
2004704	
2004705	
2004706	
2004707	
2004708	
2004709	
2004710	引力弾
2004900	刺纏い
2004901	
2004902	
2004903	
2004904	
2004905	
2004906	
2004907	
2004908	
2004909	
2004910	拒絶の刺
2005000	霊光輪
2006200	泥濘の渦
2006201	
2006202	
2006203	
2006204	
2006205	
2006206	
2006207	
2006208	
2006209	
2006210	泥濘の塊
2006300	アンスバッハの狂刃
2006400	彼方からの回復
2006650	坩堝の諸相・針
2006651	
2006652	
2006653	
2006654	
2006655	
2006656	
2006657	
2006658	
2006659	
2006660	坩堝の諸相・花
2006661	
2006662	
2006663	
2006664	
2006665	
2006666	
2006667	
2006668	
2006669	
2006670	小黄金樹
2006671	
2006672	
2006673	
2006674	
2006675	
2006676	
2006677	
2006678	
2006679	
2006680	影の地
2006681	
2006682	
2006683	
2006684	
2006685	
2006686	
2006687	
2006688	
2006689	
2006690	彼方からの怒り
2006691	
2006692	
2006693	
2006694	
2006695	
2006696	
2006697	
2006698	
2006699	
2006700	ミケラの光
2006701	
2006702	
2006703	
2006704	
2006705	
2006706	
2006707	
2006708	
2006709	
2006710	重なり合う光輪
2006800	ルガリアの咆哮
2006900	騎士の雷槍
2006901	
2006902	
2006903	
2006904	
2006905	
2006906	
2006907	
2006908	
2006909	
2006910	フローサクスの竜雷
2006911	
2006912	
2006913	
2006914	
2006915	
2006916	
2006917	
2006918	
2006919	
2006920	帯電
2007000	ベールの暴虐
2007001	
2007002	
2007003	
2007004	
2007005	
2007006	
2007007	
2007008	
2007009	
2007010	ベールの炎雷
2007011	
2007012	
2007013	
2007014	
2007015	
2007016	
2007017	
2007018	
2007019	
2007020	霊炎ブレス
2007200	腐敗の蝶
2007201	
2007202	
2007203	
2007204	
2007205	
2007206	
2007207	
2007208	
2007209	
2007210	蟲糸の槍
2007300	ミドラーの狂い火
2007410	儚い小宇宙
2007411	
2007412	
2007413	
2007414	
2007415	
2007416	
2007417	
2007418	
2007419	
2007420	守り指
2007600	守護霊
2007700	黄金の弧
2007701	
2007702	
2007703	
2007704	
2007705	
2007706	
2007707	
2007708	
2007709	
2007710	黄金の大弧
2007711	
2007712	
2007713	
2007714	
2007715	
2007716	
2007717	
2007718	
2007719	
2007720	スピラ
2007721	
2007722	
2007723	
2007724	
2007725	
2007726	
2007727	
2007728	
2007729	
2007730	神獣竜巻
2007731	
2007732	
2007733	
2007734	
2007735	
2007736	
2007737	
2007738	
2007739	
2007740	神鳥の羽
2007800	火蛇
2007801	
2007802	
2007803	
2007804	
2007805	
2007806	
2007807	
2007808	
2007809	
2007810	火の雨
2007811	
2007812	
2007813	
2007814	
2007815	
2007816	
2007817	
2007818	
2007819	
2007820	メスメルの火球
2008000	ミケラの大ルーン
2008001	
2008002	
2008003	エーゴンの鉤指
2008004	井戸底の鍵
2008005	牢獄上層の鍵
2008006	牢獄下層の鍵
2008007	十字の地図
2008008	穴石のネックレス
2008009	
2008010	
2008011	ベールの心臓
2008012	新しい十字の地図
2008013	倉庫の鍵
2008014	秘儀の巻物
2008015	フレイヤへの手紙
2008016	遺跡の地図
2008017	遺跡の地図（二枚目）
2008018	遺跡の地図（三枚目）
2008019	黒いシロップ
2008020	
2008021	メスメルの種火
2008022	
2008023	城壁扉の鍵
2008024	
2008025	焼炉職人のメモ書き
2008026	
2008027	城砦十字の置き手紙
2008028	古遺跡十字の置き手紙
2008029	僧の手紙
2008030	保管庫十字の置き手紙
2008031	文書「霊気流の封印について」
2008032	捨てられた日記
2008033	雫の幼生
2008034	レダの置き手紙
2008035	
2008036	祈りの間の鍵
2008037	影の塔の置き手紙
2008131	文書「霊気流の封印について」
2008200	絵画「侵攻」
2008201	絵画「神の塔」
2008202	絵画「竜の境地」
2008600	地図断片：墓地平原
2008601	地図断片：影のアルター
2008602	地図断片：南海岸
2008603	地図断片：ラウフの古遺跡
2008604	地図断片：奈落
2008900	ムーアの鈴玉
2008901	ユミルの鈴玉
2008902	草売りの鈴玉
2008903	キノコ売りの鈴玉【１】
2008904	キノコ売りの鈴玉【２】
2008905	脂売りの鈴玉
2008906	カビ売りの鈴玉
2008907	エーゴンの鈴玉
2008908	魔術技師の鈴玉
2008909	紐売りの鈴玉
2009000	ミケラのリング
2009001	手合わせ所望
2009002	二本指
2009003	貴方と共に
2009004	母よ
2009160	説明「影樹の加護」
2009161	説明「霊灰の加護」
2009162	説明「インベントリの新機能」
2009301	拾い虫の製法書【６】
2009302	拾い虫の製法書【１】
2009303	拾い虫の製法書【２】
2009304	拾い虫の製法書【３】
2009305	拾い虫の製法書【４】
2009306	拾い虫の製法書【５】
2009307	エーゴンの製法書【２】
2009308	指追いの製法書【２】
2009309	大壺師の製法書【１】
2009310	大壺師の製法書【４】
2009311	大壺師の製法書【５】
2009312	大壺師の製法書【１２】
2009313	大壺師の製法書【７】
2009314	大壺師の製法書【９】
2009315	大壺師の製法書【１０】
2009316	大壺師の製法書【１１】
2009317	狂った職人の製法書【２】
2009318	大壺師の製法書【８】
2009319	大壺師の製法書【３】
2009320	大壺師の製法書【１３】
2009321	大壺師の製法書【１４】
2009322	大壺師の製法書【６】
2009323	大壺師の製法書【２】
2009324	古竜騎士の製法書【１】
2009325	狂った職人の製法書【１】
2009326	トリーナ信徒の製法書【１】
2009327	火の騎士の製法書【１】
2009328	古竜騎士の製法書【２】
2009329	従騎士の製法書
2009330	従軍司祭の製法書【１】
2009331	エーゴンの製法書【１】
2009332	従軍司祭の製法書【２】
2009333	拾い虫の製法書【７】
2009334	トリーナ信徒の製法書【３】
2009335	墓守の製法書【２】
2009336	考古学者の製法書【２】
2009337	ティビアの製法書
2009338	狂った職人の製法書【３】
2009339	従軍司祭の製法書【３】
2009340	火の騎士の製法書【２】
2009341	考古学者の製法書【１】
2009342	指追いの製法書【１】
2009343	従軍司祭の製法書【４】
2009344	墓守の製法書【１】
2009345	トリーナ信徒の製法書【２】
2009500	ヒビ大壺
2010000	影樹の破片
2010100	霊灰
2011000	緑色の秘雫
2011001	
2011002	
2011003	
2011004	
2011005	
2011006	
2011007	
2011008	
2011009	
2011010	緋湧きの枯れ雫
2011011	
2011012	
2011013	
2011014	
2011015	
2011016	
2011017	
2011018	
2011019	
2011020	緋吸いの割れ雫
2011021	
2011022	
2011023	
2011024	
2011025	
2011026	
2011027	
2011028	
2011029	
2011030	青吸いの割れ雫
2011031	
2011032	
2011033	
2011034	
2011035	
2011036	
2011037	
2011038	
2011039	
2011040	油ぎった雫
2011041	
2011042	
2011043	
2011044	
2011045	
2011046	
2011047	
2011048	
2011049	
2011050	吸血の割れ雫
2011051	
2011052	
2011053	
2011054	
2011055	
2011056	
2011057	
2011058	
2011059	
2011060	すずらんの結晶雫
2011061	
2011062	
2011063	
2011064	
2011065	
2011066	
2011067	
2011068	
2011069	
2011070	弾く硬雫
2015000	獣の角
2015001	
2015002	
2015003	
2015004	
2015005	
2015006	
2015007	
2015008	
2015009	
2015010	霊結石
2015011	
2015012	
2015013	
2015014	
2015015	
2015016	
2015017	
2015018	
2015019	
2015020	真珠色のウロコ
2015021	
2015022	
2015023	
2015024	
2015025	
2015026	
2015027	
2015028	
2015029	
2015030	サソリの肝
2015031	
2015032	
2015033	
2015034	
2015035	
2015036	
2015037	
2015038	
2015039	
2015040	蠅カビ
2020001	ラダの実
2020002	赤肉キノコ
2020003	白肉キノコ
2020004	瘤脂
2020005	玉露
2020006	黒火蝶
2020007	輝塊ホタル
2020008	黄雷花
2020009	影輪草
2020010	毒コケムシ
2020011	朱い蕾
2020012	血のアマリリス
2020013	凍り付いた蛆虫
2020014	深紫のスイレン
2020015	蜜血の木の芽
2020016	ほおずき虫
2020017	膨れたブドウ
2020018	墓守の頭蓋
2020019	角混じりの排泄物
2020020	ガス石
2020021	霊炎花
2020022	墓鈴虫
2020023	竜熱花
2020024	指擬き
2020025	神血の木の芽
2020026	凝固した泥濘
2020027	丸岩
2020028	霊墓石
2020029	ラウフの巣穴
2020030	メスメルの残り火
2020031	祝福された骨片
2020032	赤雷花
2020033	爪石
2020034	尖ったさざれ石
2020035	焼炉の面
2200000	呪剣士ミラ
2200001	呪剣士ミラ＋１
2200002	呪剣士ミラ＋２
2200003	呪剣士ミラ＋３
2200004	呪剣士ミラ＋４
2200005	呪剣士ミラ＋５
2200006	呪剣士ミラ＋６
2200007	呪剣士ミラ＋７
2200008	呪剣士ミラ＋８
2200009	呪剣士ミラ＋９
2200010	呪剣士ミラ＋１０
2201000	血鬼の呪術師の遺灰
2201001	血鬼の呪術師の遺灰＋１
2201002	血鬼の呪術師の遺灰＋２
2201003	血鬼の呪術師の遺灰＋３
2201004	血鬼の呪術師の遺灰＋４
2201005	血鬼の呪術師の遺灰＋５
2201006	血鬼の呪術師の遺灰＋６
2201007	血鬼の呪術師の遺灰＋７
2201008	血鬼の呪術師の遺灰＋８
2201009	血鬼の呪術師の遺灰＋９
2201010	血鬼の呪術師の遺灰＋１０
2202000	墓守鳥の遺灰
2202001	墓守鳥の遺灰＋１
2202002	墓守鳥の遺灰＋２
2202003	墓守鳥の遺灰＋３
2202004	墓守鳥の遺灰＋４
2202005	墓守鳥の遺灰＋５
2202006	墓守鳥の遺灰＋６
2202007	墓守鳥の遺灰＋７
2202008	墓守鳥の遺灰＋８
2202009	墓守鳥の遺灰＋９
2202010	墓守鳥の遺灰＋１０
2203000	火の騎士、ヒルド
2203001	火の騎士、ヒルド＋１
2203002	火の騎士、ヒルド＋２
2203003	火の騎士、ヒルド＋３
2203004	火の騎士、ヒルド＋４
2203005	火の騎士、ヒルド＋５
2203006	火の騎士、ヒルド＋６
2203007	火の騎士、ヒルド＋７
2203008	火の騎士、ヒルド＋８
2203009	火の騎士、ヒルド＋９
2203010	火の騎士、ヒルド＋１０
2204000	蜘蛛サソリの遺灰
2204001	蜘蛛サソリの遺灰＋１
2204002	蜘蛛サソリの遺灰＋２
2204003	蜘蛛サソリの遺灰＋３
2204004	蜘蛛サソリの遺灰＋４
2204005	蜘蛛サソリの遺灰＋５
2204006	蜘蛛サソリの遺灰＋６
2204007	蜘蛛サソリの遺灰＋７
2204008	蜘蛛サソリの遺灰＋８
2204009	蜘蛛サソリの遺灰＋９
2204010	蜘蛛サソリの遺灰＋１０
2205000	責問官の遺灰
2205001	責問官の遺灰＋１
2205002	責問官の遺灰＋２
2205003	責問官の遺灰＋３
2205004	責問官の遺灰＋４
2205005	責問官の遺灰＋５
2205006	責問官の遺灰＋６
2205007	責問官の遺灰＋７
2205008	責問官の遺灰＋８
2205009	責問官の遺灰＋９
2205010	責問官の遺灰＋１０
2206000	亜人の剣士、ヨシ
2206001	亜人の剣士、ヨシ＋１
2206002	亜人の剣士、ヨシ＋２
2206003	亜人の剣士、ヨシ＋３
2206004	亜人の剣士、ヨシ＋４
2206005	亜人の剣士、ヨシ＋５
2206006	亜人の剣士、ヨシ＋６
2206007	亜人の剣士、ヨシ＋７
2206008	亜人の剣士、ヨシ＋８
2206009	亜人の剣士、ヨシ＋９
2206010	亜人の剣士、ヨシ＋１０
2207000	メスメル兵の遺灰
2207001	メスメル兵の遺灰＋１
2207002	メスメル兵の遺灰＋２
2207003	メスメル兵の遺灰＋３
2207004	メスメル兵の遺灰＋４
2207005	メスメル兵の遺灰＋５
2207006	メスメル兵の遺灰＋６
2207007	メスメル兵の遺灰＋７
2207008	メスメル兵の遺灰＋８
2207009	メスメル兵の遺灰＋９
2207010	メスメル兵の遺灰＋１０
2208000	黒騎士長、アンドレアス
2208001	黒騎士長、アンドレアス＋１
2208002	黒騎士長、アンドレアス＋２
2208003	黒騎士長、アンドレアス＋３
2208004	黒騎士長、アンドレアス＋４
2208005	黒騎士長、アンドレアス＋５
2208006	黒騎士長、アンドレアス＋６
2208007	黒騎士長、アンドレアス＋７
2208008	黒騎士長、アンドレアス＋８
2208009	黒騎士長、アンドレアス＋９
2208010	黒騎士長、アンドレアス＋１０
2209000	黒騎士の副長、ヒュー
2209001	黒騎士の副長、ヒュー＋１
2209002	黒騎士の副長、ヒュー＋２
2209003	黒騎士の副長、ヒュー＋３
2209004	黒騎士の副長、ヒュー＋４
2209005	黒騎士の副長、ヒュー＋５
2209006	黒騎士の副長、ヒュー＋６
2209007	黒騎士の副長、ヒュー＋７
2209008	黒騎士の副長、ヒュー＋８
2209009	黒騎士の副長、ヒュー＋９
2209010	黒騎士の副長、ヒュー＋１０
2210000	大口インプの遺灰
2210001	大口インプの遺灰＋１
2210002	大口インプの遺灰＋２
2210003	大口インプの遺灰＋３
2210004	大口インプの遺灰＋４
2210005	大口インプの遺灰＋５
2210006	大口インプの遺灰＋６
2210007	大口インプの遺灰＋７
2210008	大口インプの遺灰＋８
2210009	大口インプの遺灰＋９
2210010	大口インプの遺灰＋１０
2211000	人蠅の遺灰
2211001	人蠅の遺灰＋１
2211002	人蠅の遺灰＋２
2211003	人蠅の遺灰＋３
2211004	人蠅の遺灰＋４
2211005	人蠅の遺灰＋５
2211006	人蠅の遺灰＋６
2211007	人蠅の遺灰＋７
2211008	人蠅の遺灰＋８
2211009	人蠅の遺灰＋９
2211010	人蠅の遺灰＋１０
2212000	鍛冶ゴーレム、テウル
2212001	鍛冶ゴーレム、テウル＋１
2212002	鍛冶ゴーレム、テウル＋２
2212003	鍛冶ゴーレム、テウル＋３
2212004	鍛冶ゴーレム、テウル＋４
2212005	鍛冶ゴーレム、テウル＋５
2212006	鍛冶ゴーレム、テウル＋６
2212007	鍛冶ゴーレム、テウル＋７
2212008	鍛冶ゴーレム、テウル＋８
2212009	鍛冶ゴーレム、テウル＋９
2212010	鍛冶ゴーレム、テウル＋１０
2213000	神鳥の戦士、オルニス
2213001	神鳥の戦士、オルニス＋１
2213002	神鳥の戦士、オルニス＋２
2213003	神鳥の戦士、オルニス＋３
2213004	神鳥の戦士、オルニス＋４
2213005	神鳥の戦士、オルニス＋５
2213006	神鳥の戦士、オルニス＋６
2213007	神鳥の戦士、オルニス＋７
2213008	神鳥の戦士、オルニス＋８
2213009	神鳥の戦士、オルニス＋９
2213010	神鳥の戦士、オルニス＋１０
2214000	角の戦士の遺灰
2214001	角の戦士の遺灰＋１
2214002	角の戦士の遺灰＋２
2214003	角の戦士の遺灰＋３
2214004	角の戦士の遺灰＋４
2214005	角の戦士の遺灰＋５
2214006	角の戦士の遺灰＋６
2214007	角の戦士の遺灰＋７
2214008	角の戦士の遺灰＋８
2214009	角の戦士の遺灰＋９
2214010	角の戦士の遺灰＋１０
2215000	古竜フローサクス
2215001	古竜フローサクス＋１
2215002	古竜フローサクス＋２
2215003	古竜フローサクス＋３
2215004	古竜フローサクス＋４
2215005	古竜フローサクス＋５
2215006	古竜フローサクス＋６
2215007	古竜フローサクス＋７
2215008	古竜フローサクス＋８
2215009	古竜フローサクス＋９
2215010	古竜フローサクス＋１０
2217000	ユビムシの遺灰
2217001	ユビムシの遺灰＋１
2217002	ユビムシの遺灰＋２
2217003	ユビムシの遺灰＋３
2217004	ユビムシの遺灰＋４
2217005	ユビムシの遺灰＋５
2217006	ユビムシの遺灰＋６
2217007	ユビムシの遺灰＋７
2217008	ユビムシの遺灰＋８
2217009	ユビムシの遺灰＋９
2217010	ユビムシの遺灰＋１０
2218000	火の騎士、クウィライン
2218001	火の騎士、クウィライン＋１
2218002	火の騎士、クウィライン＋２
2218003	火の騎士、クウィライン＋３
2218004	火の騎士、クウィライン＋４
2218005	火の騎士、クウィライン＋５
2218006	火の騎士、クウィライン＋６
2218007	火の騎士、クウィライン＋７
2218008	火の騎士、クウィライン＋８
2218009	火の騎士、クウィライン＋９
2218010	火の騎士、クウィライン＋１０
2219000	夜の剣士、ヨラーン
2219001	夜の剣士、ヨラーン＋１
2219002	夜の剣士、ヨラーン＋２
2219003	夜の剣士、ヨラーン＋３
2219004	夜の剣士、ヨラーン＋４
2219005	夜の剣士、ヨラーン＋５
2219006	夜の剣士、ヨラーン＋６
2219007	夜の剣士、ヨラーン＋７
2219008	夜の剣士、ヨラーン＋８
2219009	夜の剣士、ヨラーン＋９
2219010	夜の剣士、ヨラーン＋１０
2220000	ヨラーンとアンナ
2220001	ヨラーンとアンナ＋１
2220002	ヨラーンとアンナ＋２
2220003	ヨラーンとアンナ＋３
2220004	ヨラーンとアンナ＋４
2220005	ヨラーンとアンナ＋５
2220006	ヨラーンとアンナ＋６
2220007	ヨラーンとアンナ＋７
2220008	ヨラーンとアンナ＋８
2220009	ヨラーンとアンナ＋９
2220010	ヨラーンとアンナ＋１０
