1	
2	
100	求援書
101	狩獵崩指契約書
1000	紅琥珀鍊墜
1001	紅琥珀鍊墜＋１
1002	紅琥珀鍊墜＋２
1003	
1004	
1005	
1006	
1007	
1008	
1009	
1010	藍琥珀鍊墜
1011	藍琥珀鍊墜＋１
1012	藍琥珀鍊墜＋２
1013	
1014	
1015	
1016	
1017	
1018	
1019	
1020	綠琥珀鍊墜
1021	綠琥珀鍊墜＋１
1022	綠琥珀鍊墜＋２
1023	
1024	
1025	
1026	
1027	
1028	
1029	
1030	眾武護符
1031	眾武護符＋１
1032	大壺眾武護符
1033	
1034	
1035	
1036	
1037	
1038	
1039	
1040	黃金樹的恩惠
1041	黃金樹的恩惠＋１
1042	黃金樹的恩惠＋２
1043	
1044	
1045	
1046	
1047	
1048	
1049	
1050	拉達岡的烙印
1051	拉達岡的糜爛烙印
1052	
1053	
1054	
1055	
1056	
1057	
1058	
1059	
1060	碎星的傳說
1061	
1062	
1063	
1064	
1065	
1066	
1067	
1068	
1069	
1070	義手劍士的傳說
1071	
1072	
1073	
1074	
1075	
1076	
1077	
1078	
1079	
1080	觀星少女的傳說
1081	
1082	
1083	
1084	
1085	
1086	
1087	
1088	
1089	
1090	雙指的傳說
1091	
1092	
1093	
1094	
1095	
1096	
1097	
1098	
1099	
1100	銀色糞金龜
1101	
1102	
1103	
1104	
1105	
1106	
1107	
1108	
1109	
1110	金色糞金龜
1140	諾克史黛拉之月
1141	
1142	
1143	
1144	
1145	
1146	
1147	
1148	
1149	
1150	綠龜護符
1151	
1152	
1153	
1154	
1155	
1156	
1157	
1158	
1159	
1160	健壯角飾品
1161	健壯角飾品＋１
1162	
1163	
1164	
1165	
1166	
1167	
1168	
1169	
1170	免疫角飾品
1171	免疫角飾品＋１
1172	
1173	
1174	
1175	
1176	
1177	
1178	
1179	
1180	理智角飾品
1181	理智角飾品＋１
1182	
1183	
1184	
1185	
1186	
1187	
1188	
1189	
1190	死王子的膿瘡
1191	死王子的惡性膿瘡
1192	
1193	
1194	
1195	
1196	
1197	
1198	
1199	
1200	斑斕項鍊
1201	斑斕項鍊＋１
1202	
1203	
1204	
1205	
1206	
1207	
1208	
1209	
1210	大山羊護符
1211	
1212	
1213	
1214	
1215	
1216	
1217	
1218	
1219	
1220	瑪莉卡的烙印
1221	瑪莉卡的糜爛烙印
1222	
1223	
1224	
1225	
1226	
1227	
1228	
1229	
1230	戰士壺碎片
1231	亞歷山大的碎片
1232	
1233	
1234	
1235	
1236	
1237	
1238	
1239	
1240	
1241	
1242	
1243	
1244	
1245	
1246	
1247	
1248	
1249	
1250	米莉森的義手
2000	魔力對蠍
2001	
2002	
2003	
2004	
2005	
2006	
2007	
2008	
2009	
2010	雷對蠍
2011	
2012	
2013	
2014	
2015	
2016	
2017	
2018	
2019	
2020	火對蠍
2021	
2022	
2023	
2024	
2025	
2026	
2027	
2028	
2029	
2030	聖對蠍
2031	
2032	
2033	
2034	
2035	
2036	
2037	
2038	
2039	
2040	紅羽七刃劍
2041	
2042	
2043	
2044	
2045	
2046	
2047	
2048	
2049	
2050	獻鬥劍護符
2051	
2052	
2053	
2054	
2055	
2056	
2057	
2058	
2059	
2060	矛護符
2061	
2062	
2063	
2064	
2065	
2066	
2067	
2068	
2069	
2070	大槌護符
2071	
2072	
2073	
2074	
2075	
2076	
2077	
2078	
2079	
2080	帶翼劍徽章
2081	腐敗翼劍徽章
2082	
2083	
2084	
2085	
2086	
2087	
2088	
2089	
2090	短劍護符
2091	
2092	
2093	
2094	
2095	
2096	
2097	
2098	
2099	
2100	遠箭護符
2101	
2102	
2103	
2104	
2105	
2106	
2107	
2108	
2109	
2110	藍色舞孃
2111	
2112	
2113	
2114	
2115	
2116	
2117	
2118	
2119	
2120	雙頭劍護符
2121	
2122	
2123	
2124	
2125	
2126	
2127	
2128	
2129	
2130	斧護符
2131	
2132	
2133	
2134	
2135	
2136	
2137	
2138	
2139	
2140	騎槍護符
2141	
2142	
2143	
2144	
2145	
2146	
2147	
2148	
2149	
2150	硬箭護符
2151	
2152	
2153	
2154	
2155	
2156	
2157	
2158	
2159	
2160	鮮血君王的歡愉
2161	
2162	
2163	
2164	
2165	
2166	
2167	
2168	
2169	
2170	腐敗眷屬的歡愉
2171	
2172	
2173	
2174	
2175	
2176	
2177	
2178	
2179	
2180	鉤爪護符
2181	
2182	
2183	
2184	
2185	
2186	
2187	
2188	
2189	
2190	咆哮鍊墜
2191	
2192	
2193	
2194	
2195	
2196	
2197	
2198	
2199	
2200	曲劍護符
2201	
2202	
2203	
2204	
2205	
2206	
2207	
2208	
2209	
2210	友好壺
2211	
2212	
2213	
2214	
2215	
2216	
2217	
2218	
2219	
2220	調香師護符
3000	魔法師球護符
3001	魔法師塊護符
3040	信徒的立誓布
3041	
3042	
3043	
3044	
3045	
3046	
3047	
3048	
3049	
3050	群聚信徒的立誓布
3051	
3052	
3053	
3054	
3055	
3056	
3057	
3058	
3059	
3060	古王護符
3061	
3062	
3063	
3064	
3065	
3066	
3067	
3068	
3069	
3070	拉達岡的肖像
3071	
3072	
3073	
3074	
3075	
3076	
3077	
3078	
3079	
3080	源輝石刀
3081	
3082	
3083	
3084	
3085	
3086	
3087	
3088	
3089	
3090	葛孚雷的肖像
4000	龍徽盾護符
4001	龍徽盾護符＋１
4002	龍徽盾護符＋２
4003	龍徽大盾護符
4004	
4005	
4006	
4007	
4008	
4009	
4010	魔力龍徽護符
4011	魔力龍徽護符＋１
4012	魔力龍徽護符＋２
4013	
4014	
4015	
4016	
4017	
4018	
4019	
4020	火龍徽護符
4021	火龍徽護符＋１
4022	火龍徽護符＋２
4023	
4024	
4025	
4026	
4027	
4028	
4029	
4030	雷龍徽護符
4031	雷龍徽護符＋１
4032	雷龍徽護符＋２
4033	
4034	
4035	
4036	
4037	
4038	
4039	
4040	聖龍徽護符
4041	聖龍徽護符＋１
4042	聖龍徽護符＋２
4043	
4044	
4045	
4046	
4047	
4048	
4049	
4050	珍珠龍徽護符
4051	珍珠龍徽護符＋１
4052	珍珠龍徽護符＋２
4053	
4054	
4055	
4056	
4057	
4058	
4059	
4060	熔爐鱗護符
4061	
4062	
4063	
4064	
4065	
4066	
4067	
4068	
4069	
4070	熔爐羽護符
4071	
4072	
4073	
4074	
4075	
4076	
4077	
4078	
4079	
4080	藍羽七刃劍
4081	
4082	
4083	
4084	
4085	
4086	
4087	
4088	
4089	
4090	獻鬥盾護符
4091	
4092	
4093	
4094	
4095	
4096	
4097	
4098	
4099	
4100	大盾護符
4101	
4102	
4103	
4104	
4105	
4106	
4107	
4108	
4109	
4110	熔爐瘤護符
5000	紅種子護符
5001	
5002	
5003	
5004	
5005	
5006	
5007	
5008	
5009	
5010	藍種子護符
5011	
5012	
5013	
5014	
5015	
5016	
5017	
5018	
5019	
5020	恩惠露滴護符
5021	
5022	
5023	
5024	
5025	
5026	
5027	
5028	
5029	
5030	掠奪浮雕墜飾
5031	
5032	
5033	
5034	
5035	
5036	
5037	
5038	
5039	
5040	神皮襁褓
5041	
5042	
5043	
5044	
5045	
5046	
5047	
5048	
5049	
5050	染紅凶刀
5051	
5052	
5053	
5054	
5055	
5056	
5057	
5058	
5059	
5060	染藍凶刀
6000	克雷普的小瓶子
6001	
6002	
6003	
6004	
6005	
6006	
6007	
6008	
6009	
6010	隱身面紗
6011	
6012	
6013	
6014	
6015	
6016	
6017	
6018	
6019	
6020	卡利亞徽章
6040	長尾貓別針
6041	
6042	
6043	
6044	
6045	
6046	
6047	
6048	
6049	
6050	夏玻利利之禍
6051	
6052	
6053	
6054	
6055	
6056	
6057	
6058	
6059	
6060	狄蒂卡之禍
6061	
6062	
6063	
6064	
6065	
6066	
6067	
6068	
6069	
6070	犧牲細枝
6071	
6072	
6073	
6074	
6075	
6076	
6077	
6078	
6079	
6080	勾指偽裝鏡
6081	
6082	
6083	
6084	
6085	
6086	
6087	
6088	
6089	
6090	主人偽裝鏡
6091	
6092	
6093	
6094	
6095	
6096	
6097	
6098	
6099	
6100	[ERROR]糾纏臍帶
6101	
6102	
6103	
6104	
6105	
6106	
6107	
6108	
6109	
6110	祖靈角
